000 12 0 050 1 0 400 050 0 24 41 10 15 001   #lineID,session,timesPrePost,outputBinWidth,downsampleFactor,output,inputTimeWindow,inputBinWidth,model,numMT,numFEF,outerFolds,innerFolds,numRepeats 
001 15 0 050 1 1 400 050 0 24 41 10 15 001   
002 16 0 050 1 2 400 050 0 24 41 10 15 001   
003 17 0 050 1 2 400 050 0 24 41 10 15 001   
004 18 0 050 1 2 400 050 0 24 41 10 15 001   
005 19 0 050 1 2 400 050 0 24 41 10 15 001   
006 20 0 050 1 2 400 050 0 24 41 10 15 001   
007 21 0 050 1 2 400 050 0 24 41 10 15 001   
008 22 0 050 1 2 400 050 0 24 41 10 15 001   
009 23 0 050 1 2 400 050 0 24 41 10 15 001   
010 24 0 050 1 2 400 050 0 24 41 10 15 001   
011 25 0 050 1 2 400 050 0 24 41 10 15 001   
012 26 0 050 1 2 400 050 0 24 41 10 15 001   
013 27 0 050 1 2 400 050 0 24 41 10 15 001   
014 28 0 050 1 2 400 050 0 24 41 10 15 001   
015 29 0 050 1 2 400 050 0 24 41 10 15 001   
016 32 0 050 1 2 400 050 0 24 41 10 15 001   
017 33 0 050 1 2 400 050 0 24 41 10 15 001   
018 34 0 050 1 2 400 050 0 24 41 10 15 001   
019 35 0 050 1 2 400 050 0 24 41 10 15 001   
020 36 0 050 1 2 400 050 0 24 41 10 15 001   
021 37 0 050 1 2 400 050 0 24 41 10 15 001   
022 38 0 050 1 2 400 050 0 24 41 10 15 001   
023 39 0 050 1 2 400 050 0 24 41 10 15 001   
