000 16 0 50 1 400 50 99 99 99 10 100 0 0 0 1 0 #lineID,sess,timeConfig,outBW,downsampFactor,inTW,inBW,numNeurons,numMT,numFEF,outerFolds,perTrainData,output,model,evalMetric,numRepeats,jobArray 
001 16 0 50 1 400 50 99 99 99 10 100 1 0 0 1 0 #standard,allSess 
002 16 0 50 1 400 50 99 99 99 10 100 2 0 0 1 0 
003 17 0 50 1 400 50 99 99 99 10 100 0 0 0 1 0  
004 17 0 50 1 400 50 99 99 99 10 100 1 0 0 1 0  
005 17 0 50 1 400 50 99 99 99 10 100 2 0 0 1 0  
006 18 0 50 1 400 50 99 99 99 10 100 0 0 0 1 0  
007 18 0 50 1 400 50 99 99 99 10 100 1 0 0 1 0  
008 18 0 50 1 400 50 99 99 99 10 100 2 0 0 1 0  
009 19 0 50 1 400 50 99 99 99 10 100 0 0 0 1 0  
010 19 0 50 1 400 50 99 99 99 10 100 1 0 0 1 0  
011 19 0 50 1 400 50 99 99 99 10 100 2 0 0 1 0  
012 20 0 50 1 400 50 99 99 99 10 100 0 0 0 1 0  
013 20 0 50 1 400 50 99 99 99 10 100 1 0 0 1 0  
014 20 0 50 1 400 50 99 99 99 10 100 2 0 0 1 0  
015 21 0 50 1 400 50 99 99 99 10 100 0 0 0 1 0  
016 21 0 50 1 400 50 99 99 99 10 100 1 0 0 1 0  
017 21 0 50 1 400 50 99 99 99 10 100 2 0 0 1 0  
018 22 0 50 1 400 50 99 99 99 10 100 0 0 0 1 0  
019 22 0 50 1 400 50 99 99 99 10 100 1 0 0 1 0  
020 22 0 50 1 400 50 99 99 99 10 100 2 0 0 1 0  
021 23 0 50 1 400 50 99 99 99 10 100 0 0 0 1 0  
022 23 0 50 1 400 50 99 99 99 10 100 1 0 0 1 0  
023 23 0 50 1 400 50 99 99 99 10 100 2 0 0 1 0  
024 24 0 50 1 400 50 99 99 99 10 100 0 0 0 1 0  
025 24 0 50 1 400 50 99 99 99 10 100 1 0 0 1 0  
026 24 0 50 1 400 50 99 99 99 10 100 2 0 0 1 0  
027 25 0 50 1 400 50 99 99 99 10 100 0 0 0 1 0  
028 25 0 50 1 400 50 99 99 99 10 100 1 0 0 1 0  
029 25 0 50 1 400 50 99 99 99 10 100 2 0 0 1 0  
030 26 0 50 1 400 50 99 99 99 10 100 0 0 0 1 0  
031 26 0 50 1 400 50 99 99 99 10 100 1 0 0 1 0  
032 26 0 50 1 400 50 99 99 99 10 100 2 0 0 1 0  
033 27 0 50 1 400 50 99 99 99 10 100 0 0 0 1 0  
034 27 0 50 1 400 50 99 99 99 10 100 1 0 0 1 0  
035 27 0 50 1 400 50 99 99 99 10 100 2 0 0 1 0  
036 28 0 50 1 400 50 99 99 99 10 100 0 0 0 1 0  
037 28 0 50 1 400 50 99 99 99 10 100 1 0 0 1 0  
038 28 0 50 1 400 50 99 99 99 10 100 2 0 0 1 0  
039 29 0 50 1 400 50 99 99 99 10 100 0 0 0 1 0  
040 29 0 50 1 400 50 99 99 99 10 100 1 0 0 1 0  
041 29 0 50 1 400 50 99 99 99 10 100 2 0 0 1 0  
042 32 0 50 1 400 50 99 99 99 10 100 0 0 0 1 0  
043 32 0 50 1 400 50 99 99 99 10 100 1 0 0 1 0  
044 32 0 50 1 400 50 99 99 99 10 100 2 0 0 1 0  
045 33 0 50 1 400 50 99 99 99 10 100 0 0 0 1 0  
046 33 0 50 1 400 50 99 99 99 10 100 1 0 0 1 0  
047 33 0 50 1 400 50 99 99 99 10 100 2 0 0 1 0  
048 34 0 50 1 400 50 99 99 99 10 100 0 0 0 1 0  
049 34 0 50 1 400 50 99 99 99 10 100 1 0 0 1 0  
050 34 0 50 1 400 50 99 99 99 10 100 2 0 0 1 0  
051 35 0 50 1 400 50 99 99 99 10 100 0 0 0 1 0  
052 35 0 50 1 400 50 99 99 99 10 100 1 0 0 1 0  
053 35 0 50 1 400 50 99 99 99 10 100 2 0 0 1 0  
054 36 0 50 1 400 50 99 99 99 10 100 0 0 0 1 0  
055 36 0 50 1 400 50 99 99 99 10 100 1 0 0 1 0  
056 36 0 50 1 400 50 99 99 99 10 100 2 0 0 1 0  
057 37 0 50 1 400 50 99 99 99 10 100 0 0 0 1 0  
058 37 0 50 1 400 50 99 99 99 10 100 1 0 0 1 0  
059 37 0 50 1 400 50 99 99 99 10 100 2 0 0 1 0  
060 38 0 50 1 400 50 99 99 99 10 100 0 0 0 1 0  
061 38 0 50 1 400 50 99 99 99 10 100 1 0 0 1 0  
062 38 0 50 1 400 50 99 99 99 10 100 2 0 0 1 0  
063 39 0 50 1 400 50 99 99 99 10 100 0 0 0 1 0  
064 39 0 50 1 400 50 99 99 99 10 100 1 0 0 1 0  
065 39 0 50 1 400 50 99 99 99 10 100 2 0 0 1 0  
066 16 0 50 1 400 50 99 99 99 10 100 0 1 0 1 0 ###
067 16 0 50 1 400 50 99 99 99 10 100 1 1 0 1 0  
068 16 0 50 1 400 50 99 99 99 10 100 2 1 0 1 0 
069 17 0 50 1 400 50 99 99 99 10 100 0 1 0 1 0  
070 17 0 50 1 400 50 99 99 99 10 100 1 1 0 1 0  
071 17 0 50 1 400 50 99 99 99 10 100 2 1 0 1 0  
072 18 0 50 1 400 50 99 99 99 10 100 0 1 0 1 0  
073 18 0 50 1 400 50 99 99 99 10 100 1 1 0 1 0  
074 18 0 50 1 400 50 99 99 99 10 100 2 1 0 1 0  
075 19 0 50 1 400 50 99 99 99 10 100 0 1 0 1 0  
076 19 0 50 1 400 50 99 99 99 10 100 1 1 0 1 0  
077 19 0 50 1 400 50 99 99 99 10 100 2 1 0 1 0  
078 20 0 50 1 400 50 99 99 99 10 100 0 1 0 1 0  
079 20 0 50 1 400 50 99 99 99 10 100 1 1 0 1 0  
080 20 0 50 1 400 50 99 99 99 10 100 2 1 0 1 0  
081 21 0 50 1 400 50 99 99 99 10 100 0 1 0 1 0  
082 21 0 50 1 400 50 99 99 99 10 100 1 1 0 1 0  
083 21 0 50 1 400 50 99 99 99 10 100 2 1 0 1 0  
084 22 0 50 1 400 50 99 99 99 10 100 0 1 0 1 0  
085 22 0 50 1 400 50 99 99 99 10 100 1 1 0 1 0  
086 22 0 50 1 400 50 99 99 99 10 100 2 1 0 1 0  
087 23 0 50 1 400 50 99 99 99 10 100 0 1 0 1 0  
088 23 0 50 1 400 50 99 99 99 10 100 1 1 0 1 0  
089 23 0 50 1 400 50 99 99 99 10 100 2 1 0 1 0  
090 24 0 50 1 400 50 99 99 99 10 100 0 1 0 1 0  
091 24 0 50 1 400 50 99 99 99 10 100 1 1 0 1 0  
092 24 0 50 1 400 50 99 99 99 10 100 2 1 0 1 0  
093 25 0 50 1 400 50 99 99 99 10 100 0 1 0 1 0  
094 25 0 50 1 400 50 99 99 99 10 100 1 1 0 1 0  
095 25 0 50 1 400 50 99 99 99 10 100 2 1 0 1 0  
096 26 0 50 1 400 50 99 99 99 10 100 0 1 0 1 0  
097 26 0 50 1 400 50 99 99 99 10 100 1 1 0 1 0  
098 26 0 50 1 400 50 99 99 99 10 100 2 1 0 1 0  
099 27 0 50 1 400 50 99 99 99 10 100 0 1 0 1 0  
100 27 0 50 1 400 50 99 99 99 10 100 1 1 0 1 0  
101 27 0 50 1 400 50 99 99 99 10 100 2 1 0 1 0  
102 28 0 50 1 400 50 99 99 99 10 100 0 1 0 1 0  
103 28 0 50 1 400 50 99 99 99 10 100 1 1 0 1 0  
104 28 0 50 1 400 50 99 99 99 10 100 2 1 0 1 0  
105 29 0 50 1 400 50 99 99 99 10 100 0 1 0 1 0  
106 29 0 50 1 400 50 99 99 99 10 100 1 1 0 1 0  
107 29 0 50 1 400 50 99 99 99 10 100 2 1 0 1 0  
108 32 0 50 1 400 50 99 99 99 10 100 0 1 0 1 0  
109 32 0 50 1 400 50 99 99 99 10 100 1 1 0 1 0  
110 32 0 50 1 400 50 99 99 99 10 100 2 1 0 1 0  
111 33 0 50 1 400 50 99 99 99 10 100 0 1 0 1 0  
112 33 0 50 1 400 50 99 99 99 10 100 1 1 0 1 0  
113 33 0 50 1 400 50 99 99 99 10 100 2 1 0 1 0  
114 34 0 50 1 400 50 99 99 99 10 100 0 1 0 1 0  
115 34 0 50 1 400 50 99 99 99 10 100 1 1 0 1 0  
116 34 0 50 1 400 50 99 99 99 10 100 2 1 0 1 0  
117 35 0 50 1 400 50 99 99 99 10 100 0 1 0 1 0  
118 35 0 50 1 400 50 99 99 99 10 100 1 1 0 1 0  
119 35 0 50 1 400 50 99 99 99 10 100 2 1 0 1 0  
120 36 0 50 1 400 50 99 99 99 10 100 0 1 0 1 0  
121 36 0 50 1 400 50 99 99 99 10 100 1 1 0 1 0  
122 36 0 50 1 400 50 99 99 99 10 100 2 1 0 1 0  
123 37 0 50 1 400 50 99 99 99 10 100 0 1 0 1 0  
124 37 0 50 1 400 50 99 99 99 10 100 1 1 0 1 0  
125 37 0 50 1 400 50 99 99 99 10 100 2 1 0 1 0  
126 38 0 50 1 400 50 99 99 99 10 100 0 1 0 1 0  
127 38 0 50 1 400 50 99 99 99 10 100 1 1 0 1 0  
128 38 0 50 1 400 50 99 99 99 10 100 2 1 0 1 0  
129 39 0 50 1 400 50 99 99 99 10 100 0 1 0 1 0  
130 39 0 50 1 400 50 99 99 99 10 100 1 1 0 1 0  
131 39 0 50 1 400 50 99 99 99 10 100 2 1 0 1 0  
132 16 0 50 1 400 50 99 99 99 10 100 0 2 0 1 0 ###
133 16 0 50 1 400 50 99 99 99 10 100 1 2 0 1 0  
134 16 0 50 1 400 50 99 99 99 10 100 2 2 0 1 0 
135 17 0 50 1 400 50 99 99 99 10 100 0 2 0 1 0  
136 17 0 50 1 400 50 99 99 99 10 100 1 2 0 1 0  
137 17 0 50 1 400 50 99 99 99 10 100 2 2 0 1 0  
138 18 0 50 1 400 50 99 99 99 10 100 0 2 0 1 0  
139 18 0 50 1 400 50 99 99 99 10 100 1 2 0 1 0  
140 18 0 50 1 400 50 99 99 99 10 100 2 2 0 1 0  
141 19 0 50 1 400 50 99 99 99 10 100 0 2 0 1 0  
142 19 0 50 1 400 50 99 99 99 10 100 1 2 0 1 0  
143 19 0 50 1 400 50 99 99 99 10 100 2 2 0 1 0  
144 20 0 50 1 400 50 99 99 99 10 100 0 2 0 1 0  
145 20 0 50 1 400 50 99 99 99 10 100 1 2 0 1 0  
146 20 0 50 1 400 50 99 99 99 10 100 2 2 0 1 0  
147 21 0 50 1 400 50 99 99 99 10 100 0 2 0 1 0  
148 21 0 50 1 400 50 99 99 99 10 100 1 2 0 1 0  
149 21 0 50 1 400 50 99 99 99 10 100 2 2 0 1 0  
150 22 0 50 1 400 50 99 99 99 10 100 0 2 0 1 0  
151 22 0 50 1 400 50 99 99 99 10 100 1 2 0 1 0  
152 22 0 50 1 400 50 99 99 99 10 100 2 2 0 1 0  
153 23 0 50 1 400 50 99 99 99 10 100 0 2 0 1 0  
154 23 0 50 1 400 50 99 99 99 10 100 1 2 0 1 0  
155 23 0 50 1 400 50 99 99 99 10 100 2 2 0 1 0  
156 24 0 50 1 400 50 99 99 99 10 100 0 2 0 1 0  
157 24 0 50 1 400 50 99 99 99 10 100 1 2 0 1 0  
158 24 0 50 1 400 50 99 99 99 10 100 2 2 0 1 0  
159 25 0 50 1 400 50 99 99 99 10 100 0 2 0 1 0  
160 25 0 50 1 400 50 99 99 99 10 100 1 2 0 1 0  
161 25 0 50 1 400 50 99 99 99 10 100 2 2 0 1 0  
162 26 0 50 1 400 50 99 99 99 10 100 0 2 0 1 0  
163 26 0 50 1 400 50 99 99 99 10 100 1 2 0 1 0  
164 26 0 50 1 400 50 99 99 99 10 100 2 2 0 1 0  
165 27 0 50 1 400 50 99 99 99 10 100 0 2 0 1 0  
166 27 0 50 1 400 50 99 99 99 10 100 1 2 0 1 0  
167 27 0 50 1 400 50 99 99 99 10 100 2 2 0 1 0  
168 28 0 50 1 400 50 99 99 99 10 100 0 2 0 1 0  
169 28 0 50 1 400 50 99 99 99 10 100 1 2 0 1 0  
170 28 0 50 1 400 50 99 99 99 10 100 2 2 0 1 0  
171 29 0 50 1 400 50 99 99 99 10 100 0 2 0 1 0  
172 29 0 50 1 400 50 99 99 99 10 100 1 2 0 1 0  
173 29 0 50 1 400 50 99 99 99 10 100 2 2 0 1 0  
174 32 0 50 1 400 50 99 99 99 10 100 0 2 0 1 0  
175 32 0 50 1 400 50 99 99 99 10 100 1 2 0 1 0  
176 32 0 50 1 400 50 99 99 99 10 100 2 2 0 1 0  
177 33 0 50 1 400 50 99 99 99 10 100 0 2 0 1 0  
178 33 0 50 1 400 50 99 99 99 10 100 1 2 0 1 0  
179 33 0 50 1 400 50 99 99 99 10 100 2 2 0 1 0  
180 34 0 50 1 400 50 99 99 99 10 100 0 2 0 1 0  
181 34 0 50 1 400 50 99 99 99 10 100 1 2 0 1 0  
182 34 0 50 1 400 50 99 99 99 10 100 2 2 0 1 0  
183 35 0 50 1 400 50 99 99 99 10 100 0 2 0 1 0  
184 35 0 50 1 400 50 99 99 99 10 100 1 2 0 1 0  
185 35 0 50 1 400 50 99 99 99 10 100 2 2 0 1 0  
186 36 0 50 1 400 50 99 99 99 10 100 0 2 0 1 0  
187 36 0 50 1 400 50 99 99 99 10 100 1 2 0 1 0  
188 36 0 50 1 400 50 99 99 99 10 100 2 2 0 1 0  
189 37 0 50 1 400 50 99 99 99 10 100 0 2 0 1 0  
190 37 0 50 1 400 50 99 99 99 10 100 1 2 0 1 0  
191 37 0 50 1 400 50 99 99 99 10 100 2 2 0 1 0  
192 38 0 50 1 400 50 99 99 99 10 100 0 2 0 1 0  
193 38 0 50 1 400 50 99 99 99 10 100 1 2 0 1 0  
194 38 0 50 1 400 50 99 99 99 10 100 2 2 0 1 0  
195 39 0 50 1 400 50 99 99 99 10 100 0 2 0 1 0  
196 39 0 50 1 400 50 99 99 99 10 100 1 2 0 1 0  
197 39 0 50 1 400 50 99 99 99 10 100 2 2 0 1 0  
198 16 0 50 1 400 50 99 99 99 10 100 0 3 0 1 0 ###
199 16 0 50 1 400 50 99 99 99 10 100 1 3 0 1 0  
200 16 0 50 1 400 50 99 99 99 10 100 2 3 0 1 0 
201 17 0 50 1 400 50 99 99 99 10 100 0 3 0 1 0  
202 17 0 50 1 400 50 99 99 99 10 100 1 3 0 1 0  
203 17 0 50 1 400 50 99 99 99 10 100 2 3 0 1 0  
204 18 0 50 1 400 50 99 99 99 10 100 0 3 0 1 0  
205 18 0 50 1 400 50 99 99 99 10 100 1 3 0 1 0  
206 18 0 50 1 400 50 99 99 99 10 100 2 3 0 1 0  
207 19 0 50 1 400 50 99 99 99 10 100 0 3 0 1 0  
208 19 0 50 1 400 50 99 99 99 10 100 1 3 0 1 0  
209 19 0 50 1 400 50 99 99 99 10 100 2 3 0 1 0  
210 20 0 50 1 400 50 99 99 99 10 100 0 3 0 1 0  
211 20 0 50 1 400 50 99 99 99 10 100 1 3 0 1 0  
212 20 0 50 1 400 50 99 99 99 10 100 2 3 0 1 0  
213 21 0 50 1 400 50 99 99 99 10 100 0 3 0 1 0  
214 21 0 50 1 400 50 99 99 99 10 100 1 3 0 1 0  
215 21 0 50 1 400 50 99 99 99 10 100 2 3 0 1 0  
216 22 0 50 1 400 50 99 99 99 10 100 0 3 0 1 0  
217 22 0 50 1 400 50 99 99 99 10 100 1 3 0 1 0  
218 22 0 50 1 400 50 99 99 99 10 100 2 3 0 1 0  
219 23 0 50 1 400 50 99 99 99 10 100 0 3 0 1 0  
220 23 0 50 1 400 50 99 99 99 10 100 1 3 0 1 0  
221 23 0 50 1 400 50 99 99 99 10 100 2 3 0 1 0  
222 24 0 50 1 400 50 99 99 99 10 100 0 3 0 1 0  
223 24 0 50 1 400 50 99 99 99 10 100 1 3 0 1 0  
224 24 0 50 1 400 50 99 99 99 10 100 2 3 0 1 0  
225 25 0 50 1 400 50 99 99 99 10 100 0 3 0 1 0  
226 25 0 50 1 400 50 99 99 99 10 100 1 3 0 1 0  
227 25 0 50 1 400 50 99 99 99 10 100 2 3 0 1 0  
228 26 0 50 1 400 50 99 99 99 10 100 0 3 0 1 0  
229 26 0 50 1 400 50 99 99 99 10 100 1 3 0 1 0  
230 26 0 50 1 400 50 99 99 99 10 100 2 3 0 1 0  
231 27 0 50 1 400 50 99 99 99 10 100 0 3 0 1 0  
232 27 0 50 1 400 50 99 99 99 10 100 1 3 0 1 0  
233 27 0 50 1 400 50 99 99 99 10 100 2 3 0 1 0  
234 28 0 50 1 400 50 99 99 99 10 100 0 3 0 1 0  
235 28 0 50 1 400 50 99 99 99 10 100 1 3 0 1 0  
236 28 0 50 1 400 50 99 99 99 10 100 2 3 0 1 0  
237 29 0 50 1 400 50 99 99 99 10 100 0 3 0 1 0  
238 29 0 50 1 400 50 99 99 99 10 100 1 3 0 1 0  
239 29 0 50 1 400 50 99 99 99 10 100 2 3 0 1 0  
240 32 0 50 1 400 50 99 99 99 10 100 0 3 0 1 0  
241 32 0 50 1 400 50 99 99 99 10 100 1 3 0 1 0  
242 32 0 50 1 400 50 99 99 99 10 100 2 3 0 1 0  
243 33 0 50 1 400 50 99 99 99 10 100 0 3 0 1 0  
244 33 0 50 1 400 50 99 99 99 10 100 1 3 0 1 0  
245 33 0 50 1 400 50 99 99 99 10 100 2 3 0 1 0  
246 34 0 50 1 400 50 99 99 99 10 100 0 3 0 1 0  
247 34 0 50 1 400 50 99 99 99 10 100 1 3 0 1 0  
248 34 0 50 1 400 50 99 99 99 10 100 2 3 0 1 0  
249 35 0 50 1 400 50 99 99 99 10 100 0 3 0 1 0  
250 35 0 50 1 400 50 99 99 99 10 100 1 3 0 1 0  
251 35 0 50 1 400 50 99 99 99 10 100 2 3 0 1 0  
252 36 0 50 1 400 50 99 99 99 10 100 0 3 0 1 0  
253 36 0 50 1 400 50 99 99 99 10 100 1 3 0 1 0  
254 36 0 50 1 400 50 99 99 99 10 100 2 3 0 1 0  
255 37 0 50 1 400 50 99 99 99 10 100 0 3 0 1 0  
256 37 0 50 1 400 50 99 99 99 10 100 1 3 0 1 0  
257 37 0 50 1 400 50 99 99 99 10 100 2 3 0 1 0  
258 38 0 50 1 400 50 99 99 99 10 100 0 3 0 1 0  
259 38 0 50 1 400 50 99 99 99 10 100 1 3 0 1 0  
260 38 0 50 1 400 50 99 99 99 10 100 2 3 0 1 0  
261 39 0 50 1 400 50 99 99 99 10 100 0 3 0 1 0  
262 39 0 50 1 400 50 99 99 99 10 100 1 3 0 1 0  
263 39 0 50 1 400 50 99 99 99 10 100 2 3 0 1 0  
264 16 0 50 1 400 50 99 99 99 10 100 0 4 0 1 0 ###
265 16 0 50 1 400 50 99 99 99 10 100 1 4 0 1 0  
266 16 0 50 1 400 50 99 99 99 10 100 2 4 0 1 0 
267 17 0 50 1 400 50 99 99 99 10 100 0 4 0 1 0  
268 17 0 50 1 400 50 99 99 99 10 100 1 4 0 1 0  
269 17 0 50 1 400 50 99 99 99 10 100 2 4 0 1 0  
270 18 0 50 1 400 50 99 99 99 10 100 0 4 0 1 0  
271 18 0 50 1 400 50 99 99 99 10 100 1 4 0 1 0  
272 18 0 50 1 400 50 99 99 99 10 100 2 4 0 1 0  
273 19 0 50 1 400 50 99 99 99 10 100 0 4 0 1 0  
274 19 0 50 1 400 50 99 99 99 10 100 1 4 0 1 0  
275 19 0 50 1 400 50 99 99 99 10 100 2 4 0 1 0  
276 20 0 50 1 400 50 99 99 99 10 100 0 4 0 1 0  
277 20 0 50 1 400 50 99 99 99 10 100 1 4 0 1 0  
278 20 0 50 1 400 50 99 99 99 10 100 2 4 0 1 0  
279 21 0 50 1 400 50 99 99 99 10 100 0 4 0 1 0  
280 21 0 50 1 400 50 99 99 99 10 100 1 4 0 1 0  
281 21 0 50 1 400 50 99 99 99 10 100 2 4 0 1 0  
282 22 0 50 1 400 50 99 99 99 10 100 0 4 0 1 0  
283 22 0 50 1 400 50 99 99 99 10 100 1 4 0 1 0  
284 22 0 50 1 400 50 99 99 99 10 100 2 4 0 1 0  
285 23 0 50 1 400 50 99 99 99 10 100 0 4 0 1 0  
286 23 0 50 1 400 50 99 99 99 10 100 1 4 0 1 0  
287 23 0 50 1 400 50 99 99 99 10 100 2 4 0 1 0  
288 24 0 50 1 400 50 99 99 99 10 100 0 4 0 1 0  
289 24 0 50 1 400 50 99 99 99 10 100 1 4 0 1 0  
290 24 0 50 1 400 50 99 99 99 10 100 2 4 0 1 0  
291 25 0 50 1 400 50 99 99 99 10 100 0 4 0 1 0  
292 25 0 50 1 400 50 99 99 99 10 100 1 4 0 1 0  
293 25 0 50 1 400 50 99 99 99 10 100 2 4 0 1 0  
294 26 0 50 1 400 50 99 99 99 10 100 0 4 0 1 0  
295 26 0 50 1 400 50 99 99 99 10 100 1 4 0 1 0  
296 26 0 50 1 400 50 99 99 99 10 100 2 4 0 1 0  
297 27 0 50 1 400 50 99 99 99 10 100 0 4 0 1 0  
298 27 0 50 1 400 50 99 99 99 10 100 1 4 0 1 0  
299 27 0 50 1 400 50 99 99 99 10 100 2 4 0 1 0  
300 28 0 50 1 400 50 99 99 99 10 100 0 4 0 1 0  
301 28 0 50 1 400 50 99 99 99 10 100 1 4 0 1 0  
302 28 0 50 1 400 50 99 99 99 10 100 2 4 0 1 0  
303 29 0 50 1 400 50 99 99 99 10 100 0 4 0 1 0  
304 29 0 50 1 400 50 99 99 99 10 100 1 4 0 1 0  
305 29 0 50 1 400 50 99 99 99 10 100 2 4 0 1 0  
306 32 0 50 1 400 50 99 99 99 10 100 0 4 0 1 0  
307 32 0 50 1 400 50 99 99 99 10 100 1 4 0 1 0  
308 32 0 50 1 400 50 99 99 99 10 100 2 4 0 1 0  
309 33 0 50 1 400 50 99 99 99 10 100 0 4 0 1 0  
310 33 0 50 1 400 50 99 99 99 10 100 1 4 0 1 0  
311 33 0 50 1 400 50 99 99 99 10 100 2 4 0 1 0  
312 34 0 50 1 400 50 99 99 99 10 100 0 4 0 1 0  
313 34 0 50 1 400 50 99 99 99 10 100 1 4 0 1 0  
314 34 0 50 1 400 50 99 99 99 10 100 2 4 0 1 0  
315 35 0 50 1 400 50 99 99 99 10 100 0 4 0 1 0  
316 35 0 50 1 400 50 99 99 99 10 100 1 4 0 1 0  
317 35 0 50 1 400 50 99 99 99 10 100 2 4 0 1 0  
318 36 0 50 1 400 50 99 99 99 10 100 0 4 0 1 0  
319 36 0 50 1 400 50 99 99 99 10 100 1 4 0 1 0  
320 36 0 50 1 400 50 99 99 99 10 100 2 4 0 1 0  
321 37 0 50 1 400 50 99 99 99 10 100 0 4 0 1 0  
322 37 0 50 1 400 50 99 99 99 10 100 1 4 0 1 0  
323 37 0 50 1 400 50 99 99 99 10 100 2 4 0 1 0  
324 38 0 50 1 400 50 99 99 99 10 100 0 4 0 1 0  
325 38 0 50 1 400 50 99 99 99 10 100 1 4 0 1 0  
326 38 0 50 1 400 50 99 99 99 10 100 2 4 0 1 0  
327 39 0 50 1 400 50 99 99 99 10 100 0 4 0 1 0  
328 39 0 50 1 400 50 99 99 99 10 100 1 4 0 1 0  
329 39 0 50 1 400 50 99 99 99 10 100 2 4 0 1 0  
330 16 0 50 1 400 50 99 99 99 10 100 0 5 0 1 0 ###
331 16 0 50 1 400 50 99 99 99 10 100 1 5 0 1 0  
332 16 0 50 1 400 50 99 99 99 10 100 2 5 0 1 0 
333 17 0 50 1 400 50 99 99 99 10 100 0 5 0 1 0  
334 17 0 50 1 400 50 99 99 99 10 100 1 5 0 1 0  
335 17 0 50 1 400 50 99 99 99 10 100 2 5 0 1 0  
336 18 0 50 1 400 50 99 99 99 10 100 0 5 0 1 0  
337 18 0 50 1 400 50 99 99 99 10 100 1 5 0 1 0  
338 18 0 50 1 400 50 99 99 99 10 100 2 5 0 1 0  
339 19 0 50 1 400 50 99 99 99 10 100 0 5 0 1 0  
340 19 0 50 1 400 50 99 99 99 10 100 1 5 0 1 0  
341 19 0 50 1 400 50 99 99 99 10 100 2 5 0 1 0  
342 20 0 50 1 400 50 99 99 99 10 100 0 5 0 1 0  
343 20 0 50 1 400 50 99 99 99 10 100 1 5 0 1 0  
344 20 0 50 1 400 50 99 99 99 10 100 2 5 0 1 0  
345 21 0 50 1 400 50 99 99 99 10 100 0 5 0 1 0  
346 21 0 50 1 400 50 99 99 99 10 100 1 5 0 1 0  
347 21 0 50 1 400 50 99 99 99 10 100 2 5 0 1 0  
348 22 0 50 1 400 50 99 99 99 10 100 0 5 0 1 0  
349 22 0 50 1 400 50 99 99 99 10 100 1 5 0 1 0  
350 22 0 50 1 400 50 99 99 99 10 100 2 5 0 1 0  
351 23 0 50 1 400 50 99 99 99 10 100 0 5 0 1 0  
352 23 0 50 1 400 50 99 99 99 10 100 1 5 0 1 0  
353 23 0 50 1 400 50 99 99 99 10 100 2 5 0 1 0  
354 24 0 50 1 400 50 99 99 99 10 100 0 5 0 1 0  
355 24 0 50 1 400 50 99 99 99 10 100 1 5 0 1 0  
356 24 0 50 1 400 50 99 99 99 10 100 2 5 0 1 0  
357 25 0 50 1 400 50 99 99 99 10 100 0 5 0 1 0  
358 25 0 50 1 400 50 99 99 99 10 100 1 5 0 1 0  
359 25 0 50 1 400 50 99 99 99 10 100 2 5 0 1 0  
360 26 0 50 1 400 50 99 99 99 10 100 0 5 0 1 0  
361 26 0 50 1 400 50 99 99 99 10 100 1 5 0 1 0  
362 26 0 50 1 400 50 99 99 99 10 100 2 5 0 1 0  
363 27 0 50 1 400 50 99 99 99 10 100 0 5 0 1 0  
364 27 0 50 1 400 50 99 99 99 10 100 1 5 0 1 0  
365 27 0 50 1 400 50 99 99 99 10 100 2 5 0 1 0  
366 28 0 50 1 400 50 99 99 99 10 100 0 5 0 1 0  
367 28 0 50 1 400 50 99 99 99 10 100 1 5 0 1 0  
368 28 0 50 1 400 50 99 99 99 10 100 2 5 0 1 0  
369 29 0 50 1 400 50 99 99 99 10 100 0 5 2 1 0  
370 29 0 50 1 400 50 99 99 99 10 100 1 5 0 1 0  
371 29 0 50 1 400 50 99 99 99 10 100 2 5 0 1 0  
372 32 0 50 1 400 50 99 99 99 10 100 0 5 0 1 0  
373 32 0 50 1 400 50 99 99 99 10 100 1 5 0 1 0  
374 32 0 50 1 400 50 99 99 99 10 100 2 5 0 1 0  
375 33 0 50 1 400 50 99 99 99 10 100 0 5 0 1 0  
376 33 0 50 1 400 50 99 99 99 10 100 1 5 0 1 0  
377 33 0 50 1 400 50 99 99 99 10 100 2 5 0 1 0  
378 34 0 50 1 400 50 99 99 99 10 100 0 5 0 1 0  
379 34 0 50 1 400 50 99 99 99 10 100 1 5 0 1 0  
380 34 0 50 1 400 50 99 99 99 10 100 2 5 0 1 0  
381 35 0 50 1 400 50 99 99 99 10 100 0 5 0 1 0  
382 35 0 50 1 400 50 99 99 99 10 100 1 5 0 1 0  
383 35 0 50 1 400 50 99 99 99 10 100 2 5 0 1 0  
384 36 0 50 1 400 50 99 99 99 10 100 0 5 0 1 0  
385 36 0 50 1 400 50 99 99 99 10 100 1 5 0 1 0  
386 36 0 50 1 400 50 99 99 99 10 100 2 5 0 1 0  
387 37 0 50 1 400 50 99 99 99 10 100 0 5 0 1 0  
388 37 0 50 1 400 50 99 99 99 10 100 1 5 0 1 0  
389 37 0 50 1 400 50 99 99 99 10 100 2 5 0 1 0  
390 38 0 50 1 400 50 99 99 99 10 100 0 5 0 1 0  
391 38 0 50 1 400 50 99 99 99 10 100 1 5 0 1 0  
392 38 0 50 1 400 50 99 99 99 10 100 2 5 0 1 0  
393 39 0 50 1 400 50 99 99 99 10 100 0 5 0 1 0  
394 39 0 50 1 400 50 99 99 99 10 100 1 5 0 1 0  
395 39 0 50 1 400 50 99 99 99 10 100 2 5 0 1 0  
396 16 0 50 1 400 50 99 99 99 10 100 0 6 0 1 0 ###
397 16 0 50 1 400 50 99 99 99 10 100 1 6 0 1 0  
398 16 0 50 1 400 50 99 99 99 10 100 2 6 0 1 0 
399 17 0 50 1 400 50 99 99 99 10 100 0 6 0 1 0  
400 17 0 50 1 400 50 99 99 99 10 100 1 6 0 1 0  
401 17 0 50 1 400 50 99 99 99 10 100 2 6 0 1 0  
402 18 0 50 1 400 50 99 99 99 10 100 0 6 0 1 0  
403 18 0 50 1 400 50 99 99 99 10 100 1 6 0 1 0  
404 18 0 50 1 400 50 99 99 99 10 100 2 6 0 1 0  
405 19 0 50 1 400 50 99 99 99 10 100 0 6 0 1 0  
406 19 0 50 1 400 50 99 99 99 10 100 1 6 0 1 0  
407 19 0 50 1 400 50 99 99 99 10 100 2 6 0 1 0  
408 20 0 50 1 400 50 99 99 99 10 100 0 6 0 1 0  
409 20 0 50 1 400 50 99 99 99 10 100 1 6 0 1 0  
410 20 0 50 1 400 50 99 99 99 10 100 2 6 0 1 0  
411 21 0 50 1 400 50 99 99 99 10 100 0 6 0 1 0  
412 21 0 50 1 400 50 99 99 99 10 100 1 6 0 1 0  
413 21 0 50 1 400 50 99 99 99 10 100 2 6 0 1 0  
414 22 0 50 1 400 50 99 99 99 10 100 0 6 0 1 0  
415 22 0 50 1 400 50 99 99 99 10 100 1 6 0 1 0  
416 22 0 50 1 400 50 99 99 99 10 100 2 6 0 1 0  
417 23 0 50 1 400 50 99 99 99 10 100 0 6 0 1 0  
418 23 0 50 1 400 50 99 99 99 10 100 1 6 0 1 0  
419 23 0 50 1 400 50 99 99 99 10 100 2 6 0 1 0  
420 24 0 50 1 400 50 99 99 99 10 100 0 6 0 1 0  
421 24 0 50 1 400 50 99 99 99 10 100 1 6 0 1 0  
422 24 0 50 1 400 50 99 99 99 10 100 2 6 0 1 0  
423 25 0 50 1 400 50 99 99 99 10 100 0 6 0 1 0  
424 25 0 50 1 400 50 99 99 99 10 100 1 6 0 1 0  
425 25 0 50 1 400 50 99 99 99 10 100 2 6 0 1 0  
426 26 0 50 1 400 50 99 99 99 10 100 0 6 0 1 0  
427 26 0 50 1 400 50 99 99 99 10 100 1 6 0 1 0  
428 26 0 50 1 400 50 99 99 99 10 100 2 6 0 1 0  
429 27 0 50 1 400 50 99 99 99 10 100 0 6 0 1 0  
430 27 0 50 1 400 50 99 99 99 10 100 1 6 0 1 0  
431 27 0 50 1 400 50 99 99 99 10 100 2 6 0 1 0  
432 28 0 50 1 400 50 99 99 99 10 100 0 6 0 1 0  
433 28 0 50 1 400 50 99 99 99 10 100 1 6 0 1 0  
434 28 0 50 1 400 50 99 99 99 10 100 2 6 0 1 0  
435 29 0 50 1 400 50 99 99 99 10 100 0 6 0 1 0  
436 29 0 50 1 400 50 99 99 99 10 100 1 6 0 1 0  
437 29 0 50 1 400 50 99 99 99 10 100 2 6 0 1 0  
438 32 0 50 1 400 50 99 99 99 10 100 0 6 0 1 0  
439 32 0 50 1 400 50 99 99 99 10 100 1 6 0 1 0  
440 32 0 50 1 400 50 99 99 99 10 100 2 6 0 1 0  
441 33 0 50 1 400 50 99 99 99 10 100 0 6 0 1 0  
442 33 0 50 1 400 50 99 99 99 10 100 1 6 0 1 0  
443 33 0 50 1 400 50 99 99 99 10 100 2 6 0 1 0  
444 34 0 50 1 400 50 99 99 99 10 100 0 6 0 1 0  
445 34 0 50 1 400 50 99 99 99 10 100 1 6 0 1 0  
446 34 0 50 1 400 50 99 99 99 10 100 2 6 0 1 0  
447 35 0 50 1 400 50 99 99 99 10 100 0 6 0 1 0  
448 35 0 50 1 400 50 99 99 99 10 100 1 6 0 1 0  
449 35 0 50 1 400 50 99 99 99 10 100 2 6 0 1 0  
450 36 0 50 1 400 50 99 99 99 10 100 0 6 0 1 0  
451 36 0 50 1 400 50 99 99 99 10 100 1 6 0 1 0  
452 36 0 50 1 400 50 99 99 99 10 100 2 6 0 1 0  
453 37 0 50 1 400 50 99 99 99 10 100 0 6 0 1 0  
454 37 0 50 1 400 50 99 99 99 10 100 1 6 0 1 0  
455 37 0 50 1 400 50 99 99 99 10 100 2 6 0 1 0  
456 38 0 50 1 400 50 99 99 99 10 100 0 6 0 1 0  
457 38 0 50 1 400 50 99 99 99 10 100 1 6 0 1 0  
458 38 0 50 1 400 50 99 99 99 10 100 2 6 0 1 0  
459 39 0 50 1 400 50 99 99 99 10 100 0 6 0 1 0  
460 39 0 50 1 400 50 99 99 99 10 100 1 6 0 1 0  
461 39 0 50 1 400 50 99 99 99 10 100 2 6 0 1 0  
462 16 0 50 1 400 50 99 99 99 10 100 0 7 0 1 0 ###
463 16 0 50 1 400 50 99 99 99 10 100 1 7 0 1 0  
464 16 0 50 1 400 50 99 99 99 10 100 2 7 0 1 0 
465 17 0 50 1 400 50 99 99 99 10 100 0 7 0 1 0  
466 17 0 50 1 400 50 99 99 99 10 100 1 7 0 1 0  
467 17 0 50 1 400 50 99 99 99 10 100 2 7 0 1 0  
468 18 0 50 1 400 50 99 99 99 10 100 0 7 0 1 0  
469 18 0 50 1 400 50 99 99 99 10 100 1 7 0 1 0  
470 18 0 50 1 400 50 99 99 99 10 100 2 7 0 1 0  
471 19 0 50 1 400 50 99 99 99 10 100 0 7 0 1 0  
472 19 0 50 1 400 50 99 99 99 10 100 1 7 0 1 0  
473 19 0 50 1 400 50 99 99 99 10 100 2 7 0 1 0  
474 20 0 50 1 400 50 99 99 99 10 100 0 7 0 1 0  
475 20 0 50 1 400 50 99 99 99 10 100 1 7 0 1 0  
476 20 0 50 1 400 50 99 99 99 10 100 2 7 0 1 0  
477 21 0 50 1 400 50 99 99 99 10 100 0 7 0 1 0  
478 21 0 50 1 400 50 99 99 99 10 100 1 7 0 1 0  
479 21 0 50 1 400 50 99 99 99 10 100 2 7 0 1 0  
480 22 0 50 1 400 50 99 99 99 10 100 0 7 0 1 0  
481 22 0 50 1 400 50 99 99 99 10 100 1 7 0 1 0  
482 22 0 50 1 400 50 99 99 99 10 100 2 7 0 1 0  
483 23 0 50 1 400 50 99 99 99 10 100 0 7 0 1 0  
484 23 0 50 1 400 50 99 99 99 10 100 1 7 0 1 0  
485 23 0 50 1 400 50 99 99 99 10 100 2 7 0 1 0  
486 24 0 50 1 400 50 99 99 99 10 100 0 7 0 1 0  
487 24 0 50 1 400 50 99 99 99 10 100 1 7 0 1 0  
488 24 0 50 1 400 50 99 99 99 10 100 2 7 0 1 0  
489 25 0 50 1 400 50 99 99 99 10 100 0 7 0 1 0  
490 25 0 50 1 400 50 99 99 99 10 100 1 7 0 1 0  
491 25 0 50 1 400 50 99 99 99 10 100 2 7 0 1 0  
492 26 0 50 1 400 50 99 99 99 10 100 0 7 0 1 0  
493 26 0 50 1 400 50 99 99 99 10 100 1 7 0 1 0  
494 26 0 50 1 400 50 99 99 99 10 100 2 7 0 1 0  
495 27 0 50 1 400 50 99 99 99 10 100 0 7 0 1 0  
496 27 0 50 1 400 50 99 99 99 10 100 1 7 0 1 0  
497 27 0 50 1 400 50 99 99 99 10 100 2 7 0 1 0  
498 28 0 50 1 400 50 99 99 99 10 100 0 7 0 1 0  
499 28 0 50 1 400 50 99 99 99 10 100 1 7 0 1 0  
500 28 0 50 1 400 50 99 99 99 10 100 2 7 0 1 0  
501 29 0 50 1 400 50 99 99 99 10 100 0 7 0 1 0  
502 29 0 50 1 400 50 99 99 99 10 100 1 7 0 1 0  
503 29 0 50 1 400 50 99 99 99 10 100 2 7 0 1 0  
504 32 0 50 1 400 50 99 99 99 10 100 0 7 0 1 0  
505 32 0 50 1 400 50 99 99 99 10 100 1 7 0 1 0  
506 32 0 50 1 400 50 99 99 99 10 100 2 7 0 1 0  
507 33 0 50 1 400 50 99 99 99 10 100 0 7 0 1 0  
508 33 0 50 1 400 50 99 99 99 10 100 1 7 0 1 0  
509 33 0 50 1 400 50 99 99 99 10 100 2 7 0 1 0  
510 34 0 50 1 400 50 99 99 99 10 100 0 7 0 1 0  
511 34 0 50 1 400 50 99 99 99 10 100 1 7 0 1 0  
512 34 0 50 1 400 50 99 99 99 10 100 2 7 0 1 0  
513 35 0 50 1 400 50 99 99 99 10 100 0 7 0 1 0  
514 35 0 50 1 400 50 99 99 99 10 100 1 7 0 1 0  
515 35 0 50 1 400 50 99 99 99 10 100 2 7 0 1 0  
516 36 0 50 1 400 50 99 99 99 10 100 0 7 0 1 0  
517 36 0 50 1 400 50 99 99 99 10 100 1 7 0 1 0  
518 36 0 50 1 400 50 99 99 99 10 100 2 7 0 1 0  
519 37 0 50 1 400 50 99 99 99 10 100 0 7 0 1 0  
520 37 0 50 1 400 50 99 99 99 10 100 1 7 0 1 0  
521 37 0 50 1 400 50 99 99 99 10 100 2 7 0 1 0  
522 38 0 50 1 400 50 99 99 99 10 100 0 7 0 1 0  
523 38 0 50 1 400 50 99 99 99 10 100 1 7 0 1 0  
524 38 0 50 1 400 50 99 99 99 10 100 2 7 0 1 0  
525 39 0 50 1 400 50 99 99 99 10 100 0 7 0 1 0  
526 39 0 50 1 400 50 99 99 99 10 100 1 7 0 1 0  
527 39 0 50 1 400 50 99 99 99 10 100 2 7 0 1 0  
