 29 0 025 1 0 400 050 0 24 24 10 15 01   #lineID,session,timesPrePost,outputBinWidth,downsampleFactor,output,inputTimeWindow,inputBinWidth,model,numMT,numFEF,outerFolds,innerFolds,numRepeats  
 29 0 050 1 0 400 050 0 24 24 10 15 01   
 29 0 075 1 0 400 050 0 24 24 10 15 01   
 29 0 100 1 0 400 050 0 24 24 10 15 01   
 29 0 125 1 0 400 050 0 24 24 10 15 01   
 29 0 150 1 0 400 050 0 24 24 10 15 01   
 29 0 175 1 0 400 050 0 24 24 10 15 01   
 29 0 200 1 0 400 050 0 24 24 10 15 01   
 29 0 225 1 0 400 050 0 24 24 10 15 01   
 29 0 025 2 0 400 050 0 24 24 10 15 01   
 29 0 050 2 0 400 050 0 24 24 10 15 01   
 29 0 075 2 0 400 050 0 24 24 10 15 01   
 29 0 100 2 0 400 050 0 24 24 10 15 01   
 29 0 125 2 0 400 050 0 24 24 10 15 01   
 29 0 150 2 0 400 050 0 24 24 10 15 01   
 29 0 175 2 0 400 050 0 24 24 10 15 01   
 29 0 200 2 0 400 050 0 24 24 10 15 01   
 29 0 225 2 0 400 050 0 24 24 10 15 01   
 29 0 250 2 0 400 050 0 24 24 10 15 01   
 29 0 250 2 0 400 050 0 24 24 10 15 01  
 29 0 025 3 0 400 050 0 24 24 10 15 01   
 29 0 050 3 0 400 050 0 24 24 10 15 01   
 29 0 075 3 0 400 050 0 24 24 10 15 01   
 29 0 100 3 0 400 050 0 24 24 10 15 01   
 29 0 125 3 0 400 050 0 24 24 10 15 01   
 29 0 150 3 0 400 050 0 24 24 10 15 01   
 29 0 175 3 0 400 050 0 24 24 10 15 01   
 29 0 200 3 0 400 050 0 24 24 10 15 01   
 29 0 225 3 0 400 050 0 24 24 10 15 01   
 29 0 250 3 0 400 050 0 24 24 10 15 01   
 29 0 250 3 0 400 050 0 24 24 10 15 01   
 29 0 025 4 0 400 050 0 24 24 10 15 01   
 29 0 050 4 0 400 050 0 24 24 10 15 01   
 29 0 075 4 0 400 050 0 24 24 10 15 01   
 29 0 100 4 0 400 050 0 24 24 10 15 01   
 29 0 125 4 0 400 050 0 24 24 10 15 01   
 29 0 150 4 0 400 050 0 24 24 10 15 01   
 29 0 175 4 0 400 050 0 24 24 10 15 01   
 29 0 200 4 0 400 050 0 24 24 10 15 01   
 29 0 225 4 0 400 050 0 24 24 10 15 01   
 29 0 250 4 0 400 050 0 24 24 10 15 01   
 29 0 250 4 0 400 050 0 24 24 10 15 01   
 29 0 025 5 0 400 050 0 24 24 10 15 01   
 29 0 050 5 0 400 050 0 24 24 10 15 01   
 29 0 075 5 0 400 050 0 24 24 10 15 01   
 29 0 100 5 0 400 050 0 24 24 10 15 01   
 29 0 125 5 0 400 050 0 24 24 10 15 01   
 29 0 150 5 0 400 050 0 24 24 10 15 01   
 29 0 175 5 0 400 050 0 24 24 10 15 01   
 29 0 200 5 0 400 050 0 24 24 10 15 01   
 29 0 225 5 0 400 050 0 24 24 10 15 01   
 29 0 250 5 0 400 050 0 24 24 10 15 01   
 29 0 250 5 0 400 050 0 24 24 10 15 01   

