000 29 0 100 1 0 025 025 0 24 24 10 15 01   #lineID,session,timesPrePost,outputBinWidth,downsampleFactor,output,inputTimeWindow,inputBinWidth,model,numMT,numFEF,outerFolds,innerFolds,numRepeats  
001 29 0 100 1 0 050 025 0 24 24 10 15 01   
002 29 0 100 1 0 075 025 0 24 24 10 15 01   
003 29 0 100 1 0 100 025 0 24 24 10 15 01   
004 29 0 100 1 0 125 025 0 24 24 10 15 01   
005 29 0 100 1 0 150 025 0 24 24 10 15 01   
006 29 0 100 1 0 175 025 0 24 24 10 15 01   
007 29 0 100 1 0 200 025 0 24 24 10 15 01   
008 29 0 100 1 0 225 025 0 24 24 10 15 01   
009 29 0 100 1 0 250 025 0 24 24 10 15 01   
010 29 0 100 1 0 275 025 0 24 24 10 15 01   
011 29 0 100 1 0 300 025 0 24 24 10 15 01   
012 29 0 100 1 0 325 025 0 24 24 10 15 01   
013 29 0 100 1 0 350 025 0 24 24 10 15 01   
014 29 0 100 1 0 375 025 0 24 24 10 15 01   
015 29 0 100 1 0 400 025 0 24 24 10 15 01   
016 29 0 100 1 0 425 025 0 24 24 10 15 01   
017 29 0 100 1 0 450 025 0 24 24 10 15 01   
018 29 0 100 1 0 475 025 0 24 24 10 15 01   
019 29 0 100 1 0 500 025 0 24 24 10 15 01  
020 29 0 100 1 0 050 050 0 24 24 10 15 01   
021 29 0 100 1 0 100 050 0 24 24 10 15 01   
022 29 0 100 1 0 150 050 0 24 24 10 15 01   
023 29 0 100 1 0 200 050 0 24 24 10 15 01   
024 29 0 100 1 0 250 050 0 24 24 10 15 01   
025 29 0 100 1 0 300 050 0 24 24 10 15 01   
026 29 0 100 1 0 350 050 0 24 24 10 15 01   
027 29 0 100 1 0 400 050 0 24 24 10 15 01   
028 29 0 100 1 0 450 050 0 24 24 10 15 01   
029 29 0 100 1 0 500 050 0 24 24 10 15 01   
030 29 0 100 1 0 075 075 0 24 24 10 15 01   
031 29 0 100 1 0 150 075 0 24 24 10 15 01   
032 29 0 100 1 0 225 075 0 24 24 10 15 01   
033 29 0 100 1 0 300 075 0 24 24 10 15 01   
034 29 0 100 1 0 375 075 0 24 24 10 15 01   
035 29 0 100 1 0 450 075 0 24 24 10 15 01   
036 29 0 100 1 0 525 075 0 24 24 10 15 01   
037 29 0 100 1 0 100 100 0 24 24 10 15 01   
038 29 0 100 1 0 200 100 0 24 24 10 15 01   
039 29 0 100 1 0 300 100 0 24 24 10 15 01   
040 29 0 100 1 0 400 100 0 24 24 10 15 01   
041 29 0 100 1 0 500 100 0 24 24 10 15 01   
042 29 0 100 1 0 125 125 0 24 24 10 15 01   
043 29 0 100 1 0 250 125 0 24 24 10 15 01   
044 29 0 100 1 0 375 125 0 24 24 10 15 01   
045 29 0 100 1 0 500 125 0 24 24 10 15 01   
046 29 0 100 1 0 150 150 0 24 24 10 15 01   
047 29 0 100 1 0 300 150 0 24 24 10 15 01   
048 29 0 100 1 0 450 150 0 24 24 10 15 01   
049 29 0 100 1 0 600 150 0 24 24 10 15 01   
050 29 0 100 1 0 175 175 0 24 24 10 15 01   
051 29 0 100 1 0 350 175 0 24 24 10 15 01   
052 29 0 100 1 0 525 175 0 24 24 10 15 01   
053 29 0 100 1 0 200 200 0 24 24 10 15 01   
054 29 0 100 1 0 400 200 0 24 24 10 15 01   
055 29 0 100 1 0 600 200 0 24 24 10 15 01   
056 29 0 100 1 0 225 225 0 24 24 10 15 01   
057 29 0 100 1 0 450 225 0 24 24 10 15 01   
058 29 0 100 1 0 675 225 0 24 24 10 15 01   
059 29 0 100 1 0 250 250 0 24 24 10 15 01   
060 29 0 100 1 0 500 250 0 24 24 10 15 01   
061 29 0 100 1 0 500 500 0 24 24 10 15 01  
