000 29 0 010 1 0 400 050 0 24 24 10 15 01   #lineID,session,timesPrePost,outputBinWidth,downsampleFactor,output,inputTimeWindow,inputBinWidth,model,numMT,numFEF,outerFolds,innerFolds,numRepeats  
001 29 0 020 1 0 400 050 0 24 24 10 15 01   
002 29 0 030 1 0 400 050 0 24 24 10 15 01   
003 29 0 040 1 0 400 050 0 24 24 10 15 01   
004 29 0 050 1 0 400 050 0 24 24 10 15 01   
005 29 0 060 1 0 400 050 0 24 24 10 15 01   
006 29 0 070 1 0 400 050 0 24 24 10 15 01   
007 29 0 080 1 0 400 050 0 24 24 10 15 01   
008 29 0 090 1 0 400 050 0 24 24 10 15 01   
009 29 0 100 1 0 400 050 0 24 24 10 15 01   
010 29 0 110 1 0 400 050 0 24 24 10 15 01   
011 29 0 120 1 0 400 050 0 24 24 10 15 01   
012 29 0 130 1 0 400 050 0 24 24 10 15 01   
013 29 0 140 1 0 400 050 0 24 24 10 15 01   
014 29 0 150 1 0 400 050 0 24 24 10 15 01   
015 29 0 160 1 0 400 050 0 24 24 10 15 01   
016 29 0 170 1 0 400 050 0 24 24 10 15 01   
017 29 0 180 1 0 400 050 0 24 24 10 15 01   
018 29 0 190 1 0 400 050 0 24 24 10 15 01   
019 29 0 200 1 0 400 050 0 24 24 10 15 01   
020 29 0 210 1 0 400 050 0 24 24 10 15 01   
021 29 0 220 1 0 400 050 0 24 24 10 15 01   
022 29 0 230 1 0 400 050 0 24 24 10 15 01   
023 29 0 240 1 0 400 050 0 24 24 10 15 01   
024 29 0 250 1 0 400 050 0 24 24 10 15 01   
025 29 0 260 1 0 400 050 0 24 24 10 15 01   
026 29 0 270 1 0 400 050 0 24 24 10 15 01   
027 29 0 280 1 0 400 050 0 24 24 10 15 01   
028 29 0 290 1 0 400 050 0 24 24 10 15 01   
029 29 0 300 1 0 400 050 0 24 24 10 15 01  
030 29 0 010 1 1 400 050 0 24 24 10 15 01   
031 29 0 020 1 1 400 050 0 24 24 10 15 01   
032 29 0 030 1 1 400 050 0 24 24 10 15 01   
033 29 0 040 1 1 400 050 0 24 24 10 15 01   
034 29 0 050 1 1 400 050 0 24 24 10 15 01   
035 29 0 060 1 1 400 050 0 24 24 10 15 01   
036 29 0 070 1 1 400 050 0 24 24 10 15 01   
037 29 0 080 1 1 400 050 0 24 24 10 15 01   
038 29 0 090 1 1 400 050 0 24 24 10 15 01   
039 29 0 100 1 1 400 050 0 24 24 10 15 01   
040 29 0 110 1 1 400 050 0 24 24 10 15 01   
041 29 0 120 1 1 400 050 0 24 24 10 15 01   
042 29 0 130 1 1 400 050 0 24 24 10 15 01   
043 29 0 140 1 1 400 050 0 24 24 10 15 01   
044 29 0 150 1 1 400 050 0 24 24 10 15 01   
045 29 0 160 1 1 400 050 0 24 24 10 15 01   
046 29 0 170 1 1 400 050 0 24 24 10 15 01   
047 29 0 180 1 1 400 050 0 24 24 10 15 01   
048 29 0 190 1 1 400 050 0 24 24 10 15 01   
049 29 0 200 1 1 400 050 0 24 24 10 15 01   
050 29 0 210 1 1 400 050 0 24 24 10 15 01   
051 29 0 220 1 1 400 050 0 24 24 10 15 01   
052 29 0 230 1 1 400 050 0 24 24 10 15 01   
053 29 0 240 1 1 400 050 0 24 24 10 15 01   
054 29 0 250 1 1 400 050 0 24 24 10 15 01   
055 29 0 260 1 1 400 050 0 24 24 10 15 01   
056 29 0 270 1 1 400 050 0 24 24 10 15 01   
057 29 0 280 1 1 400 050 0 24 24 10 15 01   
058 29 0 290 1 1 400 050 0 24 24 10 15 01   
059 29 0 300 1 1 400 050 0 24 24 10 15 01   
060 29 0 010 1 2 400 050 0 24 24 10 15 01   
061 29 0 020 1 2 400 050 0 24 24 10 15 01   
062 29 0 030 1 2 400 050 0 24 24 10 15 01   
063 29 0 040 1 2 400 050 0 24 24 10 15 01   
064 29 0 050 1 2 400 050 0 24 24 10 15 01   
065 29 0 060 1 2 400 050 0 24 24 10 15 01   
066 29 0 070 1 2 400 050 0 24 24 10 15 01   
067 29 0 080 1 2 400 050 0 24 24 10 15 01   
068 29 0 090 1 2 400 050 0 24 24 10 15 01   
069 29 0 100 1 2 400 050 0 24 24 10 15 01   
070 29 0 110 1 2 400 050 0 24 24 10 15 01   
071 29 0 120 1 2 400 050 0 24 24 10 15 01   
072 29 0 130 1 2 400 050 0 24 24 10 15 01   
073 29 0 140 1 2 400 050 0 24 24 10 15 01   
074 29 0 150 1 2 400 050 0 24 24 10 15 01   
075 29 0 160 1 2 400 050 0 24 24 10 15 01   
076 29 0 170 1 2 400 050 0 24 24 10 15 01   
077 29 0 180 1 2 400 050 0 24 24 10 15 01   
078 29 0 190 1 2 400 050 0 24 24 10 15 01   
079 29 0 200 1 2 400 050 0 24 24 10 15 01   
080 29 0 210 1 2 400 050 0 24 24 10 15 01   
081 29 0 220 1 2 400 050 0 24 24 10 15 01   
082 29 0 230 1 2 400 050 0 24 24 10 15 01   
083 29 0 240 1 2 400 050 0 24 24 10 15 01   
084 29 0 250 1 2 400 050 0 24 24 10 15 01   
085 29 0 260 1 2 400 050 0 24 24 10 15 01   
086 29 0 270 1 2 400 050 0 24 24 10 15 01   
087 29 0 280 1 2 400 050 0 24 24 10 15 01   
088 29 0 290 1 2 400 050 0 24 24 10 15 01   
089 29 0 300 1 2 400 050 0 24 24 10 15 01   
