000 29 0 50 1 0 400 050 0 24 24 05 15 10   #lineID,session,timesPrePost,outputBinWidth,downsampleFactor,output,inputTimeWindow,inputBinWidth,model,numMT,numFEF,outerFolds,innerFolds,numRepeats
001 29 0 50 1 0 400 050 0 12 12 05 15 10   
002 29 0 50 1 0 400 050 0 24 00 05 15 10   
003 29 0 50 1 0 400 050 0 00 24 05 15 10  
004 29 0 50 1 0 400 050 0 24 41 05 15 10  
005 29 0 50 1 0 400 050 8 24 24 05 15 10 
006 29 0 50 1 0 400 050 8 12 12 05 15 10   
007 29 0 50 1 0 400 050 8 24 00 05 15 10   
008 29 0 50 1 0 400 050 8 00 24 05 15 10   
009 29 0 50 1 0 400 050 8 24 41 05 15 10   
