000 29 0 50 0 0 24 24 1 10 1 1   #lineID,session,timesPrePost,binwidth,model,output,numMT,numFEF,binsPrePost,outerFolds,innerFolds,numRepeats  
001 29 0 50 0 1 24 24 1 10 1 1   
002 29 0 50 0 2 24 24 1 10 1 1   
003 29 0 50 1 0 24 24 1 10 1 10   
004 29 0 50 1 1 24 24 1 10 1 10   
005 29 0 50 1 2 24 24 1 10 1 10   
006 29 0 50 2 0 24 24 1 10 1 10   
007 29 0 50 2 1 24 24 1 10 1 10   
008 29 0 50 2 2 24 24 1 10 1 10   
009 29 0 50 3 0 24 24 1 10 1 10   
010 29 0 50 3 1 24 24 1 10 1 10   
011 29 0 50 3 2 24 24 1 10 1 10   
012 29 0 50 4 0 24 24 1 10 1 10   
013 29 0 50 4 1 24 24 1 10 1 10   
014 29 0 50 4 2 24 24 1 10 1 10   
015 29 0 50 5 0 24 24 1 10 1 10   
016 29 0 50 5 1 24 24 1 10 1 10   
017 29 0 50 5 2 24 24 1 10 1 10   
018 29 0 50 6 0 24 24 1 10 1 10   
019 29 0 50 6 1 24 24 1 10 1 10   
020 29 0 50 6 2 24 24 1 10 1 10   
021 29 0 50 7 0 24 24 1 10 1 10   
022 29 0 50 7 1 24 24 1 10 1 10   
023 29 0 50 7 2 24 24 1 10 1 10   
024 29 0 50 8 0 24 24 1 10 1 10   
025 29 0 50 8 1 24 24 1 10 1 10   
026 29 0 50 8 2 24 24 1 10 1 10   

