0   0 0 50 0 0 12 12 0 3 2 #lineID,session,timesPrePost,binwidth,model,output,numMT,numFEF,binsPrePost,outerFolds,innerFolds
1   0 0 50 0 0 0  24 0 3 2
2   0 0 50 0 0 24 0  0 3 2
3   0 0 50 1 0 12 12 0 3 2
4   0 0 50 1 0 0  24 0 3 2
5   0 0 50 1 0 24 0  0 3 2
6   0 0 50 2 0 12 12 0 3 2 
7   0 0 50 2 0 0  24 0 3 2
8   0 0 50 2 0 24 0  0 3 2 
9   0 0 50 3 0 12 12 0 3 2
10  0 0 50 3 0 0  24 0 3 2
11  0 0 50 3 0 24 0  0 3 2
12  0 0 50 4 0 12 12 0 3 2
13  0 0 50 4 0 0  24 0 3 2
14  0 0 50 4 0 24 0  0 3 2
15  0 0 50 5 0 12 12 0 3 2 
16  0 0 50 5 0 24 0  0 3 2 
17  0 0 50 5 0 0  24 0 3 2
18  0 0 50 6 0 12 12 0 3 2
19  0 0 50 6 0 24 0  0 3 2
20  0 0 50 6 0 0  24 0 3 2
21  0 0 50 7 0 12 12 0 3 2
22  0 0 50 7 0 24 0  0 3 2
23  0 0 50 7 0 0  24 0 3 2
