000 17 0 25 1 400 50 99 99 99 10 100 0 7 0 0 0001 0 #lineID,sess,timeConfig,outBW,downsampFactor,binsBefore,inBW,numNeurons,numMT,numFEF,outerFolds,perTrainData,output,model,style,pcType,numRepeats,jobArray 
001 17 0 25 1 400 50 99 24 00 10 100 0 7 0 0 0001 0
002 22 0 25 1 400 50 99 99 99 10 100 0 7 0 0 0001 0 
003 22 0 25 1 400 50 99 24 00 10 100 0 7 0 0 0001 0
004 24 0 25 1 400 50 99 99 99 10 100 0 7 0 0 0001 0 
005 24 0 25 1 400 50 99 25 00 10 100 0 7 0 0 0001 0
006 25 0 25 1 400 50 99 99 99 10 100 0 7 0 0 0001 0 
007 25 0 25 1 400 50 99 24 00 10 100 0 7 0 0 0001 0
008 25 0 25 1 400 50 99 00 24 10 100 0 7 0 0 0001 0 
009 26 0 25 1 400 50 99 99 99 10 100 0 7 0 0 0001 0 
010 26 0 25 1 400 50 99 30 00 10 100 0 7 0 0 0001 0
011 29 0 25 1 400 50 99 99 99 10 100 0 7 0 0 0001 0 
012 29 0 25 1 400 50 99 24 00 10 100 0 7 0 0 0001 0
013 32 0 25 1 400 50 99 99 99 10 100 0 7 0 0 0001 0 
014 32 0 25 1 400 50 99 25 00 10 100 0 7 0 0 0001 0
015 33 0 25 1 400 50 99 99 99 10 100 0 7 0 0 0001 0 
016 33 0 25 1 400 50 99 00 24 10 100 0 7 0 0 0001 0
017 36 0 25 1 400 50 99 99 99 10 100 0 7 0 0 0001 0 
018 36 0 25 1 400 50 99 00 32 10 100 0 7 0 0 0001 0
019 38 0 25 1 400 50 99 99 99 10 100 0 7 0 0 0001 0 
020 38 0 25 1 400 50 99 00 24 10 100 0 7 0 0 0001 0
021 17 0 25 1 400 50 99 00 24 10 100 0 7 0 0 1000 0 
022 17 0 25 1 400 50 99 12 12 10 100 0 7 0 0 1000 0 
023 22 0 25 1 400 50 99 00 24 10 100 0 7 0 0 1000 0 
024 22 0 25 1 400 50 99 12 12 10 100 0 7 0 0 1000 0 
025 24 0 25 1 400 50 99 00 25 10 100 0 7 0 0 1000 0 
026 24 0 25 1 400 50 99 12 12 10 100 0 7 0 0 1000 0 
027 25 0 25 1 400 50 99 12 12 10 100 0 7 0 0 1000 0 
028 26 0 25 1 400 50 99 00 30 10 100 0 7 0 0 1000 0 
029 26 0 25 1 400 50 99 15 15 10 100 0 7 0 0 1000 0 
030 29 0 25 1 400 50 99 00 24 10 100 0 7 0 0 1000 0 
031 29 0 25 1 400 50 99 12 12 10 100 0 7 0 0 1000 0
032 32 0 25 1 400 50 99 00 25 10 100 0 7 0 0 1000 0 
033 32 0 25 1 400 50 99 13 12 10 100 0 7 0 0 1000 0 
034 33 0 25 1 400 50 99 24 00 10 100 0 7 0 0 1000 0 
035 33 0 25 1 400 50 99 12 12 10 100 0 7 0 0 1000 0 
036 36 0 25 1 400 50 99 32 00 10 100 0 7 0 0 1000 0 
037 36 0 25 1 400 50 99 16 16 10 100 0 7 0 0 1000 0 
038 38 0 25 1 400 50 99 24 00 10 100 0 7 0 0 1000 0 
039 38 0 25 1 400 50 99 12 12 10 100 0 7 0 0 1000 0 
