0  18 0 50 0 0 22  0 0 10 3 100 #lineID,session,timesPrePost,binwidth,model,output,numMT,numFEF,binsPrePost,outerFolds,innerFolds,numRepeats
1  18 0 50 0 0  0 22 0 10 3 100 #pa18
2  18 0 50 0 0 11 11 0 10 3 100
3  18 0 50 0 0 24 23 0 10 3 100
4  18 0 50 1 0 22  0 0 10 3 100 
5  18 0 50 1 0  0 22 0 10 3 100
6  18 0 50 1 0 11 11 0 10 3 100
7  18 0 50 1 0 24 23 0 10 3 100
8  18 0 50 2 0 22  0 0 10 3 100 
9  18 0 50 2 0  0 22 0 10 3 100
10 18 0 50 2 0 11 11 0 10 3 100
11 18 0 50 2 0 24 23 0 10 3 100
12 18 0 50 3 0 22  0 0 10 3 100 
13 18 0 50 3 0  0 22 0 10 3 100
14 18 0 50 3 0 11 11 0 10 3 100
15 18 0 50 3 0 24 23 0 10 3 100
16 18 0 50 4 0 22  0 0 10 3 100 
17 18 0 50 4 0  0 22 0 10 3 100
18 18 0 50 4 0 11 11 0 10 3 100
19 18 0 50 4 0 24 23 0 10 3 100
20 20 0 50 0 0 22  0 0 10 3 100 #pa20 
21 20 0 50 0 0  0 22 0 10 3 100
22 20 0 50 0 0 11 11 0 10 3 100
23 20 0 50 0 0 24 32 0 10 3 100
24 20 0 50 1 0 22  0 0 10 3 100 
25 20 0 50 1 0  0 22 0 10 3 100
26 20 0 50 1 0 11 11 0 10 3 100
27 20 0 50 1 0 24 32 0 10 3 100
28 20 0 50 2 0 22  0 0 10 3 100 
29 20 0 50 2 0  0 22 0 10 3 100
30 20 0 50 2 0 11 11 0 10 3 100
31 20 0 50 2 0 24 32 0 10 3 100
32 20 0 50 3 0 22  0 0 10 3 100 
33 20 0 50 3 0  0 22 0 10 3 100
34 20 0 50 3 0 11 11 0 10 3 100
35 20 0 50 3 0 24 32 0 10 3 100
36 20 0 50 4 0 22  0 0 10 3 100 
37 20 0 50 4 0  0 22 0 10 3 100
38 20 0 50 4 0 11 11 0 10 3 100
39 20 0 50 4 0 24 32 0 10 3 100
40 22 0 50 0 0 22  0 0 10 3 100 #pa22 
41 22 0 50 0 0  0 22 0 10 3 100
42 22 0 50 0 0 11 11 0 10 3 100
43 22 0 50 0 0 24 28 0 10 3 100
44 22 0 50 1 0 22  0 0 10 3 100 
45 22 0 50 1 0  0 22 0 10 3 100
46 22 0 50 1 0 11 11 0 10 3 100
47 22 0 50 1 0 24 28 0 10 3 100
48 22 0 50 2 0 22  0 0 10 3 100 
49 22 0 50 2 0  0 22 0 10 3 100
50 22 0 50 2 0 11 11 0 10 3 100
51 22 0 50 2 0 24 28 0 10 3 100
52 22 0 50 3 0 22  0 0 10 3 100 
53 22 0 50 3 0  0 22 0 10 3 100
54 22 0 50 3 0 11 11 0 10 3 100
55 22 0 50 3 0 24 28 0 10 3 100
56 22 0 50 4 0 22  0 0 10 3 100 
57 22 0 50 4 0  0 22 0 10 3 100
58 22 0 50 4 0 11 11 0 10 3 100
59 22 0 50 4 0 24 28 0 10 3 100
60 24 0 50 0 0 22  0 0 10 3 100 #pa24 
61 24 0 50 0 0  0 22 0 10 3 100
62 24 0 50 0 0 11 11 0 10 3 100
63 24 0 50 0 0 25 24 0 10 3 100
64 24 0 50 1 0 22  0 0 10 3 100 
65 24 0 50 1 0  0 22 0 10 3 100
66 24 0 50 1 0 11 11 0 10 3 100
67 24 0 50 1 0 25 24 0 10 3 100
68 24 0 50 2 0 22  0 0 10 3 100 
69 24 0 50 2 0  0 22 0 10 3 100
70 24 0 50 2 0 11 11 0 10 3 100
71 24 0 50 2 0 25 24 0 10 3 100
72 24 0 50 3 0 22  0 0 10 3 100 
73 24 0 50 3 0  0 22 0 10 3 100
74 24 0 50 3 0 11 11 0 10 3 100
75 24 0 50 3 0 25 24 0 10 3 100
76 24 0 50 4 0 22  0 0 10 3 100 
77 24 0 50 4 0  0 22 0 10 3 100
78 24 0 50 4 0 11 11 0 10 3 100
79 24 0 50 4 0 25 24 0 10 3 100
80 29 0 50 0 0 22  0 0 10 3 100 #pa29 
81 29 0 50 0 0  0 22 0 10 3 100
82 29 0 50 0 0 11 11 0 10 3 100
83 29 0 50 0 0 24 41 0 10 3 100
84 29 0 50 1 0 22  0 0 10 3 100 
85 29 0 50 1 0  0 22 0 10 3 100
86 29 0 50 1 0 11 11 0 10 3 100
87 29 0 50 1 0 24 41 0 10 3 100
88 29 0 50 2 0 22  0 0 10 3 100 
89 29 0 50 2 0  0 22 0 10 3 100
90 29 0 50 2 0 11 11 0 10 3 100
91 29 0 50 2 0 24 41 0 10 3 100
92 29 0 50 3 0 22  0 0 10 3 100 
93 29 0 50 3 0  0 22 0 10 3 100
94 29 0 50 3 0 11 11 0 10 3 100
95 29 0 50 3 0 24 41 0 10 3 100
96 29 0 50 4 0 22  0 0 10 3 100 
97 29 0 50 4 0  0 22 0 10 3 100
98 29 0 50 4 0 11 11 0 10 3 100
99 29 0 50 4 0 24 41 0 10 3 100
