000 17 0 25 1 400 50 99 99 99 10 100 0 5 0 001 0 #lineID,sess,timeConfig,outBW,downsampFactor,binsBefore,inBW,numNeurons,numMT,numFEF,outerFolds,perTrainData,output,model,evalMetric,numRepeats,jobArray 
001 22 0 25 1 400 50 99 99 99 10 100 0 5 0 001 0 
002 24 0 25 1 400 50 99 99 99 10 100 0 5 0 001 0 
003 25 0 25 1 400 50 99 99 99 10 100 0 5 0 001 0 
004 26 0 25 1 400 50 99 99 99 10 100 0 5 0 001 0 
005 29 0 25 1 400 50 99 99 99 10 100 0 5 0 001 0 
006 32 0 25 1 400 50 99 99 99 10 100 0 5 0 001 0 
007 33 0 25 1 400 50 99 99 99 10 100 0 5 0 001 0 
008 36 0 25 1 400 50 99 99 99 10 100 0 5 0 001 0 
009 38 0 25 1 400 50 99 99 99 10 100 0 5 0 001 0 
