0  16 0 50 0 0 24 24 0 10 3 1 #lineID,session,timesPrePost,binwidth,model,output,numMT,numFEF,binsPrePost,outerFolds,innerFolds,numRepeats   
1  18 0 50 0 0 24 23 0 10 3 1 
2  19 0 50 0 0 25 24 0 10 3 1
3  20 0 50 0 0 24 32 0 10 3 1 
4  21 0 50 0 0 26 27 0 10 3 1
5  22 0 50 0 0 24 28 0 10 3 1 
6  23 0 50 0 0 24 25 0 10 3 1
7  24 0 50 0 0 25 27 0 10 3 1 
8  25 0 50 0 0 24 24 0 10 3 1
9  27 0 50 0 0 27 25 0 10 3 1
10 28 0 50 0 0 25 24 0 10 3 1 
11 29 0 50 0 0 24 41 0 10 3 1 
12 32 0 50 0 0 25 30 0 10 3 1 
13 33 0 50 0 0 25 24 0 10 3 1 
14 34 0 50 0 0 24 22 0 10 3 1 
15 35 0 50 0 0 49  0 0 10 3 1
16 38 0 50 0 0 26 24 0 10 3 1
