0   16 0 50 0 0 24 24 0 10 1 0 #lineID,session,timesPrePost,binwidth,model,output,numMT,numFEF,binsPrePost,outerFolds,innerFolds,numRepeats   
1   18 0 50 0 0 24 23 0 10 1 0 
2   19 0 50 0 0 25 24 0 10 1 0
3   20 0 50 0 0 24 32 0 10 1 0 
4   21 0 50 0 0 26 27 0 10 1 0
5   22 0 50 0 0 24 28 0 10 1 0 
6   23 0 50 0 0 24 25 0 10 1 0
7   24 0 50 0 0 25 27 0 10 1 0 
8   25 0 50 0 0 24 24 0 10 1 0
9   27 0 50 0 0 27 25 0 10 1 0
10  28 0 50 0 0 25 24 0 10 1 0 
11  29 0 50 0 0 24 41 0 10 1 0 
12  32 0 50 0 0 25 30 0 10 1 0 
13  33 0 50 0 0 25 24 0 10 1 0 
14  34 0 50 0 0 24 22 0 10 1 0 
15  35 0 50 0 0 49  0 0 10 1 0
16  38 0 50 0 0 26 24 0 10 1 0
17  16 0 50 1 0 24 24 0 10 1 0 #  
18  18 0 50 1 0 24 23 0 10 1 0 
19  19 0 50 1 0 25 24 0 10 1 0
20  20 0 50 1 0 24 32 0 10 1 0 
21  21 0 50 1 0 26 27 0 10 1 0
22  22 0 50 1 0 24 28 0 10 1 0 
23  23 0 50 1 0 24 25 0 10 1 0
24  24 0 50 1 0 25 27 0 10 1 0 
25  25 0 50 1 0 24 24 0 10 1 0
26  27 0 50 1 0 27 25 0 10 1 0
27  28 0 50 1 0 25 24 0 10 1 0 
28  29 0 50 1 0 24 41 0 10 1 0 
29  32 0 50 1 0 25 30 0 10 1 0 
30  33 0 50 1 0 25 24 0 10 1 0 
31  34 0 50 1 0 24 22 0 10 1 0 
32  35 0 50 1 0 49  0 0 10 1 0
33  38 0 50 1 0 26 24 0 10 1 0
34  16 0 50 2 0 24 24 0 10 1 0 #  
35  18 0 50 2 0 24 23 0 10 1 0 
36  19 0 50 2 0 25 24 0 10 1 0
37  20 0 50 2 0 24 32 0 10 1 0 
38  21 0 50 2 0 26 27 0 10 1 0
39  22 0 50 2 0 24 28 0 10 1 0 
40  23 0 50 2 0 24 25 0 10 1 0
41  24 0 50 2 0 25 27 0 10 1 0 
42  25 0 50 2 0 24 24 0 10 1 0
43  27 0 50 2 0 27 25 0 10 1 0
44  28 0 50 2 0 25 24 0 10 1 0 
45  29 0 50 2 0 24 41 0 10 1 0 
46  32 0 50 2 0 25 30 0 10 1 0 
47  33 0 50 2 0 25 24 0 10 1 0 
48  34 0 50 2 0 24 22 0 10 1 0 
49  35 0 50 2 0 49  0 0 10 1 0
50  38 0 50 2 0 26 24 0 10 1 0
51  16 0 50 3 0 24 24 0 10 1 0 #  
52  18 0 50 3 0 24 23 0 10 1 0 
53  19 0 50 3 0 25 24 0 10 1 0
54  20 0 50 3 0 24 32 0 10 1 0 
55  21 0 50 3 0 26 27 0 10 1 0
56  22 0 50 3 0 24 28 0 10 1 0 
57  23 0 50 3 0 24 25 0 10 1 0
58  24 0 50 3 0 25 27 0 10 1 0 
59  25 0 50 3 0 24 24 0 10 1 0
60  27 0 50 3 0 27 25 0 10 1 0
61  28 0 50 3 0 25 24 0 10 1 0 
62  29 0 50 3 0 24 41 0 10 1 0 
63  32 0 50 3 0 25 30 0 10 1 0 
64  33 0 50 3 0 25 24 0 10 1 0 
65  34 0 50 3 0 24 22 0 10 1 0 
66  35 0 50 3 0 49  0 0 10 1 0
67  38 0 50 3 0 26 24 0 10 1 0
68  16 0 50 4 0 24 24 0 10 1 0 #  
69  18 0 50 4 0 24 23 0 10 1 0 
70  19 0 50 4 0 25 24 0 10 1 0
71  20 0 50 4 0 24 32 0 10 1 0 
72  21 0 50 4 0 26 27 0 10 1 0
73  22 0 50 4 0 24 28 0 10 1 0 
74  23 0 50 4 0 24 25 0 10 1 0
75  24 0 50 4 0 25 27 0 10 1 0 
76  25 0 50 4 0 24 24 0 10 1 0
77  27 0 50 4 0 27 25 0 10 1 0
78  28 0 50 4 0 25 24 0 10 1 0 
79  29 0 50 4 0 24 41 0 10 1 0 
80  32 0 50 4 0 25 30 0 10 1 0 
81  33 0 50 4 0 25 24 0 10 1 0 
82  34 0 50 4 0 24 22 0 10 1 0 
83  35 0 50 4 0 49  0 0 10 1 0
84  38 0 50 4 0 26 24 0 10 1 0
85  16 0 50 5 0 24 24 0 10 1 0 #  
86  18 0 50 5 0 24 23 0 10 1 0 
87  19 0 50 5 0 25 24 0 10 1 0
88  20 0 50 5 0 24 32 0 10 1 0 
89  21 0 50 5 0 26 27 0 10 1 0
90  22 0 50 5 0 24 28 0 10 1 0 
91  23 0 50 5 0 24 25 0 10 1 0
92  24 0 50 5 0 25 27 0 10 1 0 
93  25 0 50 5 0 24 24 0 10 1 0
94  27 0 50 5 0 27 25 0 10 1 0
95  28 0 50 5 0 25 24 0 10 1 0 
96  29 0 50 5 0 24 41 0 10 1 0 
97  32 0 50 5 0 25 30 0 10 1 0 
98  33 0 50 5 0 25 24 0 10 1 0 
99  34 0 50 5 0 24 22 0 10 1 0 
100 35 0 50 5 0 49  0 0 10 1 0
101 38 0 50 5 0 26 24 0 10 1 0
102 16 0 50 6 0 24 24 0 10 1 0 #  
103 18 0 50 6 0 24 23 0 10 1 0 
104 19 0 50 6 0 25 24 0 10 1 0
105 20 0 50 6 0 24 32 0 10 1 0 
106 21 0 50 6 0 26 27 0 10 1 0
107 22 0 50 6 0 24 28 0 10 1 0 
108 23 0 50 6 0 24 25 0 10 1 0
109 24 0 50 6 0 25 27 0 10 1 0 
110 25 0 50 6 0 24 24 0 10 1 0
111 27 0 50 6 0 27 25 0 10 1 0
112 28 0 50 6 0 25 24 0 10 1 0 
113 29 0 50 6 0 24 41 0 10 1 0 
114 32 0 50 6 0 25 30 0 10 1 0 
115 33 0 50 6 0 25 24 0 10 1 0 
116 34 0 50 6 0 24 22 0 10 1 0 
117 35 0 50 6 0 49  0 0 10 1 0
118 38 0 50 6 0 26 24 0 10 1 0
119 16 0 50 7 0 24 24 0 10 1 0 #  
120 18 0 50 7 0 24 23 0 10 1 0 
121 19 0 50 7 0 25 24 0 10 1 0
122 20 0 50 7 0 24 32 0 10 1 0 
123 21 0 50 7 0 26 27 0 10 1 0
124 22 0 50 7 0 24 28 0 10 1 0 
125 23 0 50 7 0 24 25 0 10 1 0
126 24 0 50 7 0 25 27 0 10 1 0 
127 25 0 50 7 0 24 24 0 10 1 0
128 27 0 50 7 0 27 25 0 10 1 0
129 28 0 50 7 0 25 24 0 10 1 0 
130 29 0 50 7 0 24 41 0 10 1 0 
131 32 0 50 7 0 25 30 0 10 1 0 
132 33 0 50 7 0 25 24 0 10 1 0 
133 34 0 50 7 0 24 22 0 10 1 0 
134 35 0 50 7 0 49  0 0 10 1 0
135 38 0 50 7 0 26 24 0 10 1 0







