000 17 0 25 1 400 50 99 24 00 10 100 0 7 0 0 0001 0 #lineID,sess,timeConfig,outBW,downsampFactor,binsBefore,inBW,numNeurons,numMT,numFEF,outerFolds,perTrainData,output,model,style,pcType,numRepeats,jobArray 
001 22 0 25 1 400 50 99 24 00 10 100 0 7 0 0 0001 0
002 24 0 25 1 400 50 99 25 00 10 100 0 7 0 0 0001 0
003 25 0 25 1 400 50 99 24 00 10 100 0 7 0 0 0001 0
004 25 0 25 1 400 50 99 00 24 10 100 0 7 0 0 0001 0 
005 26 0 25 1 400 50 99 30 00 10 100 0 7 0 0 0001 0
006 29 0 25 1 400 50 99 24 00 10 100 0 7 0 0 0001 0
007 32 0 25 1 400 50 99 25 00 10 100 0 7 0 0 0001 0
008 33 0 25 1 400 50 99 00 24 10 100 0 7 0 0 0001 0
009 36 0 25 1 400 50 99 00 32 10 100 0 7 0 0 0001 0
010 38 0 25 1 400 50 99 00 24 10 100 0 7 0 0 0001 0
011 17 0 25 1 400 50 99 00 24 10 100 0 7 0 0 1000 1 # 
012 17 0 25 1 400 50 99 12 12 10 100 0 7 0 0 1000 1 
013 22 0 25 1 400 50 99 00 24 10 100 0 7 0 0 1000 1 #
014 22 0 25 1 400 50 99 12 12 10 100 0 7 0 0 1000 1 
015 24 0 25 1 400 50 99 00 25 10 100 0 7 0 0 1000 1 #
016 24 0 25 1 400 50 99 12 12 10 100 0 7 0 0 1000 1 
017 25 0 25 1 400 50 99 12 12 10 100 0 7 0 0 1000 1 
018 26 0 25 1 400 50 99 00 30 10 100 0 7 0 0 1000 1 #
019 26 0 25 1 400 50 99 15 15 10 100 0 7 0 0 1000 1 
020 29 0 25 1 400 50 99 00 24 10 100 0 7 0 0 1000 1 #
021 29 0 25 1 400 50 99 12 12 10 100 0 7 0 0 1000 1
022 32 0 25 1 400 50 99 00 25 10 100 0 7 0 0 1000 1 #
023 32 0 25 1 400 50 99 13 12 10 100 0 7 0 0 1000 1 
024 33 0 25 1 400 50 99 24 00 10 100 0 7 0 0 1000 1 #
025 33 0 25 1 400 50 99 12 12 10 100 0 7 0 0 1000 1 
026 36 0 25 1 400 50 99 32 00 10 100 0 7 0 0 1000 1 #
027 36 0 25 1 400 50 99 16 16 10 100 0 7 0 0 1000 1 
028 38 0 25 1 400 50 99 24 00 10 100 0 7 0 0 1000 1 #
029 38 0 25 1 400 50 99 12 12 10 100 0 7 0 0 1000 1
030 17 0 25 1 400 50 99 99 99 10 100 0 7 0 0 0001 0 #lineID,sess,timeConfig,outBW,downsampFactor,binsBefore,inBW,numNeurons,numMT,numFEF,outerFolds,perTrainData,output,model,style,pcType,numRepeats,jobArray 
031 17 0 25 1 400 50 99 99 99 10 100 0 7 1 0 0001 0 
032 17 0 25 1 400 50 99 99 99 10 100 0 7 2 0 0001 0 
033 17 0 25 1 400 50 99 99 99 10 100 0 7 0 1 0001 0 
034 17 0 25 1 400 50 99 99 99 10 100 0 7 0 2 0001 0 
035 22 0 25 1 400 50 99 99 99 10 100 0 7 0 0 0001 0 
036 22 0 25 1 400 50 99 99 99 10 100 0 7 1 0 0001 0 
037 22 0 25 1 400 50 99 99 99 10 100 0 7 2 0 0001 0 
038 22 0 25 1 400 50 99 99 99 10 100 0 7 0 1 0001 0 
039 22 0 25 1 400 50 99 99 99 10 100 0 7 0 2 0001 0 
040 24 0 25 1 400 50 99 99 99 10 100 0 7 0 0 0001 0 
041 24 0 25 1 400 50 99 99 99 10 100 0 7 1 0 0001 0 
042 24 0 25 1 400 50 99 99 99 10 100 0 7 2 0 0001 0 
043 24 0 25 1 400 50 99 99 99 10 100 0 7 0 1 0001 0 
044 24 0 25 1 400 50 99 99 99 10 100 0 7 0 2 0001 0 
045 25 0 25 1 400 50 99 99 99 10 100 0 7 0 0 0001 0 
046 25 0 25 1 400 50 99 99 99 10 100 0 7 1 0 0001 0 
047 25 0 25 1 400 50 99 99 99 10 100 0 7 2 0 0001 0 
048 25 0 25 1 400 50 99 99 99 10 100 0 7 0 1 0001 0 
049 25 0 25 1 400 50 99 99 99 10 100 0 7 0 2 0001 0 
050 26 0 25 1 400 50 99 99 99 10 100 0 7 0 0 0001 0 
051 26 0 25 1 400 50 99 99 99 10 100 0 7 1 0 0001 0 
052 26 0 25 1 400 50 99 99 99 10 100 0 7 2 0 0001 0 
053 26 0 25 1 400 50 99 99 99 10 100 0 7 0 1 0001 0 
054 26 0 25 1 400 50 99 99 99 10 100 0 7 0 2 0001 0 
055 29 0 25 1 400 50 99 99 99 10 100 0 7 0 0 0001 0 
056 29 0 25 1 400 50 99 99 99 10 100 0 7 1 0 0001 0 
057 29 0 25 1 400 50 99 99 99 10 100 0 7 2 0 0001 0 
058 29 0 25 1 400 50 99 99 99 10 100 0 7 0 1 0001 0 
059 29 0 25 1 400 50 99 99 99 10 100 0 7 0 2 0001 0 
060 32 0 25 1 400 50 99 99 99 10 100 0 7 0 0 0001 0 
061 32 0 25 1 400 50 99 99 99 10 100 0 7 1 0 0001 0 
062 32 0 25 1 400 50 99 99 99 10 100 0 7 2 0 0001 0 
063 32 0 25 1 400 50 99 99 99 10 100 0 7 0 1 0001 0 
064 32 0 25 1 400 50 99 99 99 10 100 0 7 0 2 0001 0 
065 33 0 25 1 400 50 99 99 99 10 100 0 7 0 0 0001 0 
066 33 0 25 1 400 50 99 99 99 10 100 0 7 1 0 0001 0 
067 33 0 25 1 400 50 99 99 99 10 100 0 7 2 0 0001 0 
068 33 0 25 1 400 50 99 99 99 10 100 0 7 0 1 0001 0 
069 33 0 25 1 400 50 99 99 99 10 100 0 7 0 2 0001 0 
070 36 0 25 1 400 50 99 99 99 10 100 0 7 0 0 0001 0 
071 36 0 25 1 400 50 99 99 99 10 100 0 7 1 0 0001 0 
072 36 0 25 1 400 50 99 99 99 10 100 0 7 2 0 0001 0 
073 36 0 25 1 400 50 99 99 99 10 100 0 7 0 1 0001 0 
074 36 0 25 1 400 50 99 99 99 10 100 0 7 0 2 0001 0 
075 17 0 25 1 400 50 99 99 99 10 100 1 7 0 0 0001 0 #lineID,sess,timeConfig,outBW,downsampFactor,binsBefore,inBW,numNeurons,numMT,numFEF,outerFolds,perTrainData,output,model,style,pcType,numRepeats,jobArray 
076 17 0 25 1 400 50 99 99 99 10 100 1 7 1 0 0001 0 
077 17 0 25 1 400 50 99 99 99 10 100 1 7 2 0 0001 0 
078 17 0 25 1 400 50 99 99 99 10 100 1 7 0 1 0001 0 
079 17 0 25 1 400 50 99 99 99 10 100 1 7 0 2 0001 0 
080 22 0 25 1 400 50 99 99 99 10 100 1 7 0 0 0001 0 
081 22 0 25 1 400 50 99 99 99 10 100 1 7 1 0 0001 0 
082 22 0 25 1 400 50 99 99 99 10 100 1 7 2 0 0001 0 
083 22 0 25 1 400 50 99 99 99 10 100 1 7 0 1 0001 0 
084 22 0 25 1 400 50 99 99 99 10 100 1 7 0 2 0001 0 
085 24 0 25 1 400 50 99 99 99 10 100 1 7 0 0 0001 0 
086 24 0 25 1 400 50 99 99 99 10 100 1 7 1 0 0001 0 
087 24 0 25 1 400 50 99 99 99 10 100 1 7 2 0 0001 0 
088 24 0 25 1 400 50 99 99 99 10 100 1 7 0 1 0001 0 
089 24 0 25 1 400 50 99 99 99 10 100 1 7 0 2 0001 0 
090 25 0 25 1 400 50 99 99 99 10 100 1 7 0 0 0001 0 
091 25 0 25 1 400 50 99 99 99 10 100 1 7 1 0 0001 0 
092 25 0 25 1 400 50 99 99 99 10 100 1 7 2 0 0001 0 
093 25 0 25 1 400 50 99 99 99 10 100 1 7 0 1 0001 0 
094 25 0 25 1 400 50 99 99 99 10 100 1 7 0 2 0001 0 
095 26 0 25 1 400 50 99 99 99 10 100 1 7 0 0 0001 0 
096 26 0 25 1 400 50 99 99 99 10 100 1 7 1 0 0001 0 
097 26 0 25 1 400 50 99 99 99 10 100 1 7 2 0 0001 0 
098 26 0 25 1 400 50 99 99 99 10 100 1 7 0 1 0001 0 
099 26 0 25 1 400 50 99 99 99 10 100 1 7 0 2 0001 0 
100 29 0 25 1 400 50 99 99 99 10 100 1 7 0 0 0001 0 
101 29 0 25 1 400 50 99 99 99 10 100 1 7 1 0 0001 0 
102 29 0 25 1 400 50 99 99 99 10 100 1 7 2 0 0001 0 
103 29 0 25 1 400 50 99 99 99 10 100 1 7 0 1 0001 0 
104 29 0 25 1 400 50 99 99 99 10 100 1 7 0 2 0001 0 
105 32 0 25 1 400 50 99 99 99 10 100 1 7 0 0 0001 0 
106 32 0 25 1 400 50 99 99 99 10 100 1 7 1 0 0001 0 
107 32 0 25 1 400 50 99 99 99 10 100 1 7 2 0 0001 0 
108 32 0 25 1 400 50 99 99 99 10 100 1 7 0 1 0001 0 
109 32 0 25 1 400 50 99 99 99 10 100 1 7 0 2 0001 0 
110 33 0 25 1 400 50 99 99 99 10 100 1 7 0 0 0001 0 
111 33 0 25 1 400 50 99 99 99 10 100 1 7 1 0 0001 0 
112 33 0 25 1 400 50 99 99 99 10 100 1 7 2 0 0001 0 
113 33 0 25 1 400 50 99 99 99 10 100 1 7 0 1 0001 0 
114 33 0 25 1 400 50 99 99 99 10 100 1 7 0 2 0001 0 
115 36 0 25 1 400 50 99 99 99 10 100 1 7 0 0 0001 0 
116 36 0 25 1 400 50 99 99 99 10 100 1 7 1 0 0001 0 
117 36 0 25 1 400 50 99 99 99 10 100 1 7 2 0 0001 0 
118 36 0 25 1 400 50 99 99 99 10 100 1 7 0 1 0001 0 
119 36 0 25 1 400 50 99 99 99 10 100 1 7 0 2 0001 0 
