0   18 0 50 0 0 22  0 0 10 3 50 #lineID,session,timesPrePost,binwidth,model,output,numMT,numFEF,binsPrePost,outerFolds,innerFolds,numRepeats
1   18 0 50 0 0  0 22 0 10 3 50 
2   18 0 50 0 0 11 11 0 10 3 50
3   18 0 50 0 0 24 23 0 10 3 50
4   18 0 50 1 0 22  0 0 10 3 50 
5   18 0 50 1 0  0 22 0 10 3 50
6   18 0 50 1 0 11 11 0 10 3 50
7   18 0 50 1 0 24 23 0 10 3 50
8   18 0 50 4 0 22  0 0 10 3 50 
9   18 0 50 4 0  0 22 0 10 3 50
10  18 0 50 4 0 11 11 0 10 3 50
11  18 0 50 4 0 24 23 0 10 3 50
12  20 0 50 0 0 22  0 0 10 3 50  
13  20 0 50 0 0  0 22 0 10 3 50
14  20 0 50 0 0 11 11 0 10 3 50
15  20 0 50 0 0 24 32 0 10 3 50
16  20 0 50 1 0 22  0 0 10 3 50 
17  20 0 50 1 0  0 22 0 10 3 50
18  20 0 50 1 0 11 11 0 10 3 50
19  20 0 50 1 0 24 32 0 10 3 50
20  20 0 50 4 0 22  0 0 10 3 50 
21  20 0 50 4 0  0 22 0 10 3 50
22  20 0 50 4 0 11 11 0 10 3 50
23  20 0 50 4 0 24 32 0 10 3 50
24  22 0 50 0 0 22  0 0 10 3 50  
25  22 0 50 0 0  0 22 0 10 3 50
26  22 0 50 0 0 11 11 0 10 3 50
27  22 0 50 0 0 24 28 0 10 3 50
28  22 0 50 1 0 22  0 0 10 3 50 
29  22 0 50 1 0  0 22 0 10 3 50
30  22 0 50 1 0 11 11 0 10 3 50
31  22 0 50 1 0 24 28 0 10 3 50
32  22 0 50 4 0 22  0 0 10 3 50 
33  22 0 50 4 0  0 22 0 10 3 50
34  22 0 50 4 0 11 11 0 10 3 50
35  22 0 50 4 0 24 28 0 10 3 50
36  24 0 50 0 0 22  0 0 10 3 50  
37  24 0 50 0 0  0 22 0 10 3 50
38  24 0 50 0 0 11 11 0 10 3 50
39  24 0 50 0 0 25 24 0 10 3 50
40  24 0 50 1 0 22  0 0 10 3 50 
41  24 0 50 1 0  0 22 0 10 3 50
42  24 0 50 1 0 11 11 0 10 3 50
43  24 0 50 1 0 25 24 0 10 3 50
44  24 0 50 4 0 22  0 0 10 3 50 
45  24 0 50 4 0  0 22 0 10 3 50
46  24 0 50 4 0 11 11 0 10 3 50
47  24 0 50 4 0 25 24 0 10 3 50
48  29 0 50 0 0 22  0 0 10 3 50  
49  29 0 50 0 0  0 22 0 10 3 50
50  29 0 50 0 0 11 11 0 10 3 50
51  29 0 50 0 0 24 41 0 10 3 50
52  29 0 50 1 0 22  0 0 10 3 50 
53  29 0 50 1 0  0 22 0 10 3 50
54  29 0 50 1 0 11 11 0 10 3 50
55  29 0 50 1 0 24 41 0 10 3 50
56  29 0 50 4 0 22  0 0 10 3 50 
57  29 0 50 4 0  0 22 0 10 3 50
58  29 0 50 4 0 11 11 0 10 3 50
59  29 0 50 4 0 24 41 0 10 3 50 ########################################################
60  18 0 50 0 0  2  0 0 10 3 50 #pa18
61  18 0 50 0 0  4  0 0 10 3 50
62  18 0 50 0 0  6  0 0 10 3 50
63  18 0 50 0 0  8  0 0 10 3 50
64  18 0 50 0 0 10  0 0 10 3 50
65  18 0 50 0 0 12  0 0 10 3 50
66  18 0 50 0 0 14  0 0 10 3 50
67  18 0 50 0 0 16  0 0 10 3 50
68  18 0 50 0 0 18  0 0 10 3 50
69  18 0 50 0 0 20  0 0 10 3 50
70  18 0 50 0 0 22  0 0 10 3 50
71  18 0 50 0 0  0  2 0 10 3 50
72  18 0 50 0 0  0  4 0 10 3 50
73  18 0 50 0 0  0  6 0 10 3 50
74  18 0 50 0 0  0  8 0 10 3 50
75  18 0 50 0 0  0 10 0 10 3 50
76  18 0 50 0 0  0 12 0 10 3 50
77  18 0 50 0 0  0 14 0 10 3 50
78  18 0 50 0 0  0 16 0 10 3 50
79  18 0 50 0 0  0 18 0 10 3 50
80  18 0 50 0 0  0 20 0 10 3 50
81  18 0 50 0 0  0 22 0 10 3 50
82  18 0 50 0 0  1  1 0 10 3 50
83  18 0 50 0 0  2  2 0 10 3 50
84  18 0 50 0 0  3  3 0 10 3 50
85  18 0 50 0 0  4  4 0 10 3 50
86  18 0 50 0 0  5  5 0 10 3 50
87  18 0 50 0 0  6  6 0 10 3 50
88  18 0 50 0 0  7  7 0 10 3 50
89  18 0 50 0 0  8  8 0 10 3 50
90  18 0 50 0 0  9  9 0 10 3 50
91  18 0 50 0 0 10 10 0 10 3 50
92  18 0 50 0 0 11 11 0 10 3 50
93  18 0 50 0 0 12 12 0 10 3 50
94  18 0 50 0 0 13 13 0 10 3 50
95  18 0 50 0 0 14 14 0 10 3 50
96  18 0 50 0 0 15 15 0 10 3 50
97  18 0 50 0 0 16 16 0 10 3 50
98  18 0 50 0 0 17 17 0 10 3 50
99  18 0 50 0 0 18 18 0 10 3 50
100 18 0 50 0 0 19 19 0 10 3 50
101 18 0 50 0 0 20 20 0 10 3 50
102 18 0 50 0 0 21 21 0 10 3 50
103 20 0 50 0 0  2  0 0 10 3 50 #pa20
104 20 0 50 0 0  4  0 0 10 3 50
105 20 0 50 0 0  6  0 0 10 3 50
106 20 0 50 0 0  8  0 0 10 3 50
107 20 0 50 0 0 10  0 0 10 3 50
108 20 0 50 0 0 12  0 0 10 3 50
109 20 0 50 0 0 14  0 0 10 3 50
110 20 0 50 0 0 16  0 0 10 3 50
111 20 0 50 0 0 18  0 0 10 3 50
112 20 0 50 0 0 20  0 0 10 3 50
113 20 0 50 0 0 22  0 0 10 3 50
114 20 0 50 0 0  0  2 0 10 3 50
115 20 0 50 0 0  0  4 0 10 3 50
116 20 0 50 0 0  0  6 0 10 3 50
117 20 0 50 0 0  0  8 0 10 3 50
118 20 0 50 0 0  0 10 0 10 3 50
119 20 0 50 0 0  0 12 0 10 3 50
120 20 0 50 0 0  0 14 0 10 3 50
121 20 0 50 0 0  0 16 0 10 3 50
122 20 0 50 0 0  0 18 0 10 3 50
123 20 0 50 0 0  0 20 0 10 3 50
124 20 0 50 0 0  0 22 0 10 3 50
125 20 0 50 0 0  1  1 0 10 3 50
126 20 0 50 0 0  2  2 0 10 3 50
127 20 0 50 0 0  3  3 0 10 3 50
128 20 0 50 0 0  4  4 0 10 3 50
129 20 0 50 0 0  5  5 0 10 3 50
130 20 0 50 0 0  6  6 0 10 3 50
131 20 0 50 0 0  7  7 0 10 3 50
132 20 0 50 0 0  8  8 0 10 3 50
133 20 0 50 0 0  9  9 0 10 3 50
134 20 0 50 0 0 10 10 0 10 3 50
135 20 0 50 0 0 11 11 0 10 3 50
136 20 0 50 0 0 12 12 0 10 3 50
137 20 0 50 0 0 13 13 0 10 3 50
138 20 0 50 0 0 14 14 0 10 3 50
139 20 0 50 0 0 15 15 0 10 3 50
140 20 0 50 0 0 16 16 0 10 3 50
141 20 0 50 0 0 17 17 0 10 3 50
142 20 0 50 0 0 18 18 0 10 3 50
143 20 0 50 0 0 19 19 0 10 3 50
144 20 0 50 0 0 20 20 0 10 3 50
145 20 0 50 0 0 21 21 0 10 3 50
146 22 0 50 0 0  2  0 0 10 3 50 #pa22
147 22 0 50 0 0  4  0 0 10 3 50
148 22 0 50 0 0  6  0 0 10 3 50
149 22 0 50 0 0  8  0 0 10 3 50
150 22 0 50 0 0 10  0 0 10 3 50
151 22 0 50 0 0 12  0 0 10 3 50
152 22 0 50 0 0 14  0 0 10 3 50
153 22 0 50 0 0 16  0 0 10 3 50
154 22 0 50 0 0 18  0 0 10 3 50
155 22 0 50 0 0 20  0 0 10 3 50
156 22 0 50 0 0 22  0 0 10 3 50
157 22 0 50 0 0  0  2 0 10 3 50
158 22 0 50 0 0  0  4 0 10 3 50
159 22 0 50 0 0  0  6 0 10 3 50
160 22 0 50 0 0  0  8 0 10 3 50
161 22 0 50 0 0  0 10 0 10 3 50
162 22 0 50 0 0  0 12 0 10 3 50
163 22 0 50 0 0  0 14 0 10 3 50
164 22 0 50 0 0  0 16 0 10 3 50
165 22 0 50 0 0  0 18 0 10 3 50
166 22 0 50 0 0  0 20 0 10 3 50
167 22 0 50 0 0  0 22 0 10 3 50
168 22 0 50 0 0  1  1 0 10 3 50
169 22 0 50 0 0  2  2 0 10 3 50
170 22 0 50 0 0  3  3 0 10 3 50
171 22 0 50 0 0  4  4 0 10 3 50
172 22 0 50 0 0  5  5 0 10 3 50
173 22 0 50 0 0  6  6 0 10 3 50
174 22 0 50 0 0  7  7 0 10 3 50
175 22 0 50 0 0  8  8 0 10 3 50
176 22 0 50 0 0  9  9 0 10 3 50
177 22 0 50 0 0 10 10 0 10 3 50
178 22 0 50 0 0 11 11 0 10 3 50
179 22 0 50 0 0 12 12 0 10 3 50
180 22 0 50 0 0 13 13 0 10 3 50
181 22 0 50 0 0 14 14 0 10 3 50
182 22 0 50 0 0 15 15 0 10 3 50
183 22 0 50 0 0 16 16 0 10 3 50
184 22 0 50 0 0 17 17 0 10 3 50
185 22 0 50 0 0 18 18 0 10 3 50
186 22 0 50 0 0 19 19 0 10 3 50
187 22 0 50 0 0 20 20 0 10 3 50
188 22 0 50 0 0 21 21 0 10 3 50
189 24 0 50 0 0  2  0 0 10 3 50 #pa24
190 24 0 50 0 0  4  0 0 10 3 50
191 24 0 50 0 0  6  0 0 10 3 50
192 24 0 50 0 0  8  0 0 10 3 50
193 24 0 50 0 0 10  0 0 10 3 50
194 24 0 50 0 0 12  0 0 10 3 50
195 24 0 50 0 0 14  0 0 10 3 50
196 24 0 50 0 0 16  0 0 10 3 50
197 24 0 50 0 0 18  0 0 10 3 50
198 24 0 50 0 0 20  0 0 10 3 50
199 24 0 50 0 0 22  0 0 10 3 50
200 24 0 50 0 0  0  2 0 10 3 50
201 24 0 50 0 0  0  4 0 10 3 50
202 24 0 50 0 0  0  6 0 10 3 50
203 24 0 50 0 0  0  8 0 10 3 50
204 24 0 50 0 0  0 10 0 10 3 50
205 24 0 50 0 0  0 12 0 10 3 50
206 24 0 50 0 0  0 14 0 10 3 50
207 24 0 50 0 0  0 16 0 10 3 50
208 24 0 50 0 0  0 18 0 10 3 50
209 24 0 50 0 0  0 20 0 10 3 50
210 24 0 50 0 0  0 22 0 10 3 50
211 24 0 50 0 0  1  1 0 10 3 50
212 24 0 50 0 0  2  2 0 10 3 50
213 24 0 50 0 0  3  3 0 10 3 50
214 24 0 50 0 0  4  4 0 10 3 50
215 24 0 50 0 0  5  5 0 10 3 50
216 24 0 50 0 0  6  6 0 10 3 50
217 24 0 50 0 0  7  7 0 10 3 50
218 24 0 50 0 0  8  8 0 10 3 50
219 24 0 50 0 0  9  9 0 10 3 50
220 24 0 50 0 0 10 10 0 10 3 50
221 24 0 50 0 0 11 11 0 10 3 50
222 24 0 50 0 0 12 12 0 10 3 50
223 24 0 50 0 0 13 13 0 10 3 50
224 24 0 50 0 0 14 14 0 10 3 50
225 24 0 50 0 0 15 15 0 10 3 50
226 24 0 50 0 0 16 16 0 10 3 50
227 24 0 50 0 0 17 17 0 10 3 50
228 24 0 50 0 0 18 18 0 10 3 50
229 24 0 50 0 0 19 19 0 10 3 50
230 24 0 50 0 0 20 20 0 10 3 50
231 24 0 50 0 0 21 21 0 10 3 50
232 29 0 50 0 0  2  0 0 10 3 50 #pa29
233 29 0 50 0 0  4  0 0 10 3 50
234 29 0 50 0 0  6  0 0 10 3 50
235 29 0 50 0 0  8  0 0 10 3 50
236 29 0 50 0 0 10  0 0 10 3 50
237 29 0 50 0 0 12  0 0 10 3 50
238 29 0 50 0 0 14  0 0 10 3 50
239 29 0 50 0 0 16  0 0 10 3 50
240 29 0 50 0 0 18  0 0 10 3 50
241 29 0 50 0 0 20  0 0 10 3 50
242 29 0 50 0 0 22  0 0 10 3 50
243 29 0 50 0 0  0  2 0 10 3 50
244 29 0 50 0 0  0  4 0 10 3 50
245 29 0 50 0 0  0  6 0 10 3 50
246 29 0 50 0 0  0  8 0 10 3 50
247 29 0 50 0 0  0 10 0 10 3 50
248 29 0 50 0 0  0 12 0 10 3 50
249 29 0 50 0 0  0 14 0 10 3 50
250 29 0 50 0 0  0 16 0 10 3 50
251 29 0 50 0 0  0 18 0 10 3 50
252 29 0 50 0 0  0 20 0 10 3 50
253 29 0 50 0 0  0 22 0 10 3 50
254 29 0 50 0 0  1  1 0 10 3 50
255 29 0 50 0 0  2  2 0 10 3 50
256 29 0 50 0 0  3  3 0 10 3 50
257 29 0 50 0 0  4  4 0 10 3 50
258 29 0 50 0 0  5  5 0 10 3 50
259 29 0 50 0 0  6  6 0 10 3 50
260 29 0 50 0 0  7  7 0 10 3 50
261 29 0 50 0 0  8  8 0 10 3 50
262 29 0 50 0 0  9  9 0 10 3 50
263 29 0 50 0 0 10 10 0 10 3 50
264 29 0 50 0 0 11 11 0 10 3 50
265 29 0 50 0 0 12 12 0 10 3 50
266 29 0 50 0 0 13 13 0 10 3 50
267 29 0 50 0 0 14 14 0 10 3 50
268 29 0 50 0 0 15 15 0 10 3 50
269 29 0 50 0 0 16 16 0 10 3 50
270 29 0 50 0 0 17 17 0 10 3 50
271 29 0 50 0 0 18 18 0 10 3 50
272 29 0 50 0 0 19 19 0 10 3 50
273 29 0 50 0 0 20 20 0 10 3 50
274 29 0 50 0 0 21 21 0 10 3 50
