0 1 2 1 0.5 5 1.0 #line ID, mix, q, e, T, N, cc_eps
1 1 2 1 0.5 6 1.0 
2 1 2 1 0.5 7 1.0 
3 1 2 1 0.5 8 1.0 
4 1 2 1 0.5 9 1.0 
5 1 2 1 0.5 10 1.0 
6 1 2 1 0.5 11 1.0 
7 1 2 1 0.5 12 1.0 
8 1 2 1 0.5 13 1.0 
9 1 2 1 0.6 12 1.0 
10 1 2 1 0.6 13 1.0 
11 1 2 1 0.6 14 1.0 
12 1 2 1 0.6 15 1.0 
13 1 2 1 0.6 16 1.0
14 1 2 1 0.6 17 1.0 
15 1 2 1 0.6 20 1.0 
16 1 2 1 0.7 20 1.0 
17 1 2 1 0.8 20 1.0 
18 1 2 1 0.9 20 1.0 
19 1 2 1 1.0 20 1.0
20 1 2 1 1.1 20 1.0 
21 1 2 1 0.5 19 1.0 
22 1 2 1 0.6 19 1.0 
23 1 2 1 0.7 19 1.0 
24 1 2 1 0.8 19 1.0
25 1 2 1 0.9 19 1.0 
26 1 2 1 1.0 19 1.0
27 1 2 1 1.1 19 1.0
28 1 2 1 1.2 19 1.0
29 1 2 1 1.3 19 1.0
30 1 2 1 1.4 19 1.0
31 1 2 1 1.5 19 1.0
32 1 2 1 1.6 19 1.0
33 1 2 1 1.7 19 1.0
34 1 2 1 1.8 19 1.0
35 1 2 1 1.9 19 1.0
36 1 2 1 2.0 19 1.0
37 1 2 1 2.1 19 1.0
38 1 2 1 2.2 19 1.0
39 1 2 1 2.3 19 1.0
40 1 2 1 2.4 19 1.0 
41 1 2 2 0.5 19 1.0
42 1 2 2 0.6 19 1.0
43 1 2 2 0.7 19 1.0
44 1 2 2 0.8 19 1.0
45 1 2 2 0.9 19 1.0
46 1 2 2 1.0 19 1.0
47 1 2 2 1.1 19 1.0
48 1 2 2 1.2 19 1.0
49 1 2 2 1.3 19 1.0
50 1 2 2 1.4 19 1.0 
51 1 2 2 1.5 19 1.0
52 1 2 2 1.6 19 1.0
53 1 2 2 1.7 19 1.0
54 1 2 2 1.8 19 1.0
55 1 2 2 1.9 19 1.0
56 1 2 2 0.5 18 1.0
57 1 2 2 0.6 18 1.0
58 1 2 2 0.7 18 1.0
59 1 2 2 0.8 18 1.0
60 1 2 2 0.9 18 1.0 
61 1 2 2 1.0 18 1.0
62 1 2 2 1.1 18 1.0
63 1 2 2 1.2 18 1.0
64 1 2 2 1.3 18 1.0
65 1 2 2 1.4 18 1.0 
66 1 2 2 1.5 18 1.0
67 1 2 2 1.6 18 1.0
68 1 2 2 1.7 18 1.0
69 1 2 2 1.8 18 1.0
70 1 2 2 1.9 18 1.0 
71 1 2 2 0.5 17 1.0
72 1 2 2 0.6 17 1.0
73 1 2 2 0.7 17 1.0
74 1 2 2 0.8 17 1.0
75 1 2 2 0.9 17 1.0
76 1 2 2 1.0 17 1.0
77 1 2 2 1.1 17 1.0
78 1 2 2 1.2 17 1.0
79 1 2 2 1.3 17 1.0
80 1 2 2 1.4 17 1.0 
81 1 2 2 1.5 17 1.0
82 1 2 2 1.6 17 1.0
83 1 2 2 1.7 17 1.0
84 1 2 2 1.8 17 1.0
85 1 2 2 1.9 17 1.0
86 1 2 2 0.5 20 1.0
87 1 2 2 0.6 20 1.0
88 1 2 2 0.7 20 1.0
89 1 2 2 0.8 20 1.0
90 1 2 2 0.9 20 1.0 
91 1 3 3 0.01 15 1.0
92 1 3 3 0.1 15 1.0
93 1 3 3 0.2 15 1.0
94 1 3 3 0.3 15 1.0
95 1 3 3 0.4 15 1.0
96 1 3 3 0.5 15 1.0
97 1 3 3 0.6 15 1.0
98 1 3 3 0.7 15 1.0
99 1 3 3 0.8 15 1.0
100 1 3 3 0.9 15 1.0
101 1 3 3 1.0 15 1.0
102 1 3 3 1.1 15 1.0
103 1 3 3 1.2 15 1.0
104 1 3 3 1.3 15 1.0
105 1 3 3 1.4 15 1.0
106 1 3 3 1.5 15 1.0
107 1 3 3 1.6 15 1.0
108 1 3 3 1.7 15 1.0
109 1 3 3 1.8 15 1.0
110 1 3 3 0.01 16 1.0
111 1 3 3 0.1 16 1.0
112 1 3 3 0.2 16 1.0
113 1 3 3 0.3 16 1.0
114 1 3 3 0.4 16 1.0
115 1 3 3 0.5 16 1.0
116 1 3 3 0.6 16 1.0
117 1 3 3 0.7 16 1.0
118 1 3 3 0.8 16 1.0
119 1 3 3 0.9 16 1.0
120 1 4 3 0.01 16 1.0
121 1 4 3 0.1 16 1.0
122 1 4 3 0.2 16 1.0
123 1 4 3 0.3 16 1.0
124 1 4 3 0.4 16 1.0
125 1 4 3 0.5 16 1.0
126 1 4 3 0.6 16 1.0
127 1 4 3 0.7 16 1.0
128 1 4 3 0.8 16 1.0
129 1 4 3 0.9 16 1.0
130 1 4 3 1.0 16 1.0
131 1 4 3 1.1 16 1.0
132 1 4 3 1.2 16 1.0
133 1 4 3 1.3 16 1.0
134 1 4 3 1.4 16 1.0
135 1 4 3 1.5 16 1.0
136 1 4 3 1.6 16 1.0
137 1 4 3 1.7 16 1.0
138 1 4 3 1.8 16 1.0
139 1 4 3 1.9 16 1.0
140 1 4 3 0.01 15 1.0
141 1 4 3 0.1 15 1.0
142 1 4 3 0.2 15 1.0
143 1 4 3 0.3 15 1.0
144 1 4 3 0.4 15 1.0
145 1 4 3 0.5 15 1.0
146 1 4 3 0.6 15 1.0
147 1 4 3 0.7 15 1.0
148 1 4 3 0.8 15 1.0
149 1 4 3 0.9 15 1.0
150 1 4 3 1.0 15 1.0
151 1 4 3 1.1 15 1.0
152 1 4 3 1.2 15 1.0
153 1 4 3 1.3 15 1.0
154 1 4 3 1.4 15 1.0
155 1 4 3 1.5 15 1.0
156 1 4 3 1.6 15 1.0
157 1 4 3 1.7 15 1.0
158 1 4 3 1.8 15 1.0
159 1 4 3 1.9 15 1.0 
160 1 4 3 0.05 15 1.0
161 1 4 3 0.11 15 1.0
162 1 4 3 0.12 15 1.0
163 1 4 3 0.13 15 1.0
164 1 4 3 0.14 15 1.0
165 1 4 3 0.15 15 1.0
166 1 4 3 0.16 15 1.0
167 1 4 3 0.17 15 1.0
168 1 4 3 0.18 15 1.0
169 1 4 3 0.19 15 1.0
170 1 4 3 1.05 15 1.0
171 1 4 3 1.11 15 1.0
172 1 4 3 1.12 15 1.0
173 1 4 3 1.13 15 1.0
174 1 4 3 1.14 15 1.0
175 1 4 3 1.15 15 1.0
176 1 4 3 1.16 15 1.0
177 1 4 3 1.17 15 1.0
178 1 4 3 1.18 15 1.0
179 1 4 3 1.19 15 1.0
180 1 4 3 0.05 16 1.0
181 1 4 3 0.11 16 1.0
182 1 4 3 0.12 16 1.0
183 1 4 3 0.13 16 1.0
184 1 4 3 0.14 16 1.0
185 1 4 3 0.15 16 1.0
186 1 4 3 0.16 16 1.0
187 1 4 3 0.17 16 1.0
188 1 4 3 0.18 16 1.0
189 1 4 3 0.19 16 1.0
190 1 4 3 1.05 16 1.0
191 1 4 3 1.11 16 1.0
192 1 4 3 1.12 16 1.0
193 1 4 3 1.13 16 1.0
194 1 4 3 1.14 16 1.0
195 1 4 3 1.15 16 1.0
196 1 4 3 1.16 16 1.0
197 1 4 3 1.17 16 1.0
198 1 4 3 1.18 16 1.0
199 1 4 3 1.19 16 1.0
200 1 4 3 0.05 14 1.0
201 1 4 3 0.11 14 1.0
202 1 4 3 0.12 14 1.0
203 1 4 3 0.13 14 1.0
204 1 4 3 0.14 14 1.0
205 1 4 3 0.15 14 1.0
206 1 4 3 0.16 14 1.0
207 1 4 3 0.17 14 1.0
208 1 4 3 0.18 14 1.0
209 1 4 3 0.19 14 1.0
210 1 4 3 1.05 14 1.0
211 1 4 3 1.11 14 1.0
212 1 4 3 1.12 14 1.0
213 1 4 3 1.13 14 1.0
214 1 4 3 1.14 14 1.0
215 1 4 3 1.15 14 1.0
216 1 4 3 1.16 14 1.0
217 1 4 3 1.17 14 1.0
218 1 4 3 1.18 14 1.0
219 1 4 3 1.19 14 1.0
220 1 4 3 0.05 13 1.0
221 1 4 3 0.11 13 1.0
222 1 4 3 0.12 13 1.0
223 1 4 3 0.13 13 1.0
224 1 4 3 0.14 13 1.0
225 1 4 3 0.15 13 1.0
226 1 4 3 0.16 13 1.0
227 1 4 3 0.17 13 1.0
228 1 4 3 0.18 13 1.0
229 1 4 3 0.19 13 1.0
230 1 4 3 1.05 13 1.0
231 1 4 3 1.11 13 1.0
232 1 4 3 1.12 13 1.0
233 1 4 3 1.13 13 1.0
234 1 4 3 1.14 13 1.0
235 1 4 3 1.15 13 1.0
236 1 4 3 1.16 13 1.0
237 1 4 3 1.17 13 1.0
238 1 4 3 1.18 13 1.0
239 1 4 3 1.19 13 1.0
240 1 4 3 0.05 17 1.0
241 1 4 3 0.11 17 1.0
242 1 4 3 0.12 17 1.0
243 1 4 3 0.13 17 1.0
244 1 4 3 0.14 17 1.0
245 1 4 3 0.15 17 1.0
246 1 4 3 0.16 17 1.0
247 1 4 3 0.17 17 1.0
248 1 4 3 0.18 17 1.0
249 1 4 3 0.19 17 1.0
250 1 4 3 1.05 17 1.0
251 1 4 3 1.11 17 1.0
252 1 4 3 1.12 17 1.0
253 1 4 3 1.13 17 1.0
254 1 4 3 1.14 17 1.0
255 1 4 3 1.15 17 1.0
256 1 4 3 1.16 17 1.0
257 1 4 3 1.17 17 1.0
258 1 4 3 1.18 17 1.0
259 1 4 3 1.19 17 1.0
260 1 4 3 0.05 18 1.0
261 1 4 3 0.11 18 1.0
262 1 4 3 0.12 18 1.0
263 1 4 3 0.13 18 1.0
264 1 4 3 0.14 18 1.0
265 1 4 3 0.15 18 1.0
266 1 4 3 0.16 18 1.0
267 1 4 3 0.17 18 1.0
268 1 4 3 0.18 18 1.0
269 1 4 3 0.19 18 1.0
270 1 4 3 1.05 18 1.0
271 1 4 3 1.11 18 1.0
272 1 4 3 1.12 18 1.0
273 1 4 3 1.13 18 1.0
274 1 4 3 1.14 18 1.0
275 1 4 3 1.15 18 1.0
276 1 4 3 1.16 18 1.0
277 1 4 3 1.17 18 1.0
278 1 4 3 1.18 18 1.0
279 1 4 3 1.19 18 1.0
280 1 4 3 0.05 12 1.0
281 1 4 3 0.11 12 1.0
282 1 4 3 0.12 12 1.0
283 1 4 3 0.13 12 1.0
284 1 4 3 0.14 12 1.0
285 1 4 3 0.15 12 1.0
286 1 4 3 0.16 12 1.0
287 1 4 3 0.17 12 1.0
288 1 4 3 0.18 12 1.0
289 1 4 3 0.19 12 1.0
290 1 4 3 1.05 12 1.0
291 1 4 3 1.11 12 1.0
292 1 4 3 1.12 12 1.0
293 1 4 3 1.13 12 1.0
294 1 4 3 1.14 12 1.0
295 1 4 3 1.15 12 1.0
296 1 4 3 1.16 12 1.0
297 1 4 3 1.17 12 1.0
298 1 4 3 1.18 12 1.0
299 1 4 3 1.19 12 1.0
300 3 4 4 0.01 15 1.0	
301 3 4 4 0.1 15 1.0
302 3 4 4 0.2 15 1.0
303 3 4 4 0.3 15 1.0
304 3 4 4 0.4 15 1.0
305 3 4 4 0.5 15 1.0
306 3 4 4 0.6 15 1.0
307 3 4 4 0.7 15 1.0
308 3 4 4 0.8 15 1.0
309 3 4 4 0.9 15 1.0 
310 3 4 4 0.05 15 1.0 
311 3 4 4 0.15 15 1.0
312 3 4 4 0.25 15 1.0
313 3 4 4 0.35 15 1.0
314 3 4 4 0.45 15 1.0
315 3 4 4 0.55 15 1.0
316 3 4 4 0.65 15 1.0
317 3 4 4 0.75 15 1.0
318 3 4 4 0.85 15 1.0
319 3 4 4 0.95 15 1.0
320 3 4 4 0.51 15 1.0
321 3 6 5 0.10 15 1.5 
322 3 6 5 0.20 15 1.5
323 3 6 5 0.30 15 1.5
324 3 6 5 0.40 15 1.5
325 3 6 5 0.50 15 1.5
326 3 6 5 0.60 15 1.5
327 3 6 5 0.70 15 1.5
328 3 6 5 0.80 15 1.5
329 3 6 5 0.90 15 1.5 
330 3 6 5 1.00 15 1.5
331 3 6 5 0.10 15 1.5 
332 3 6 5 0.20 15 1.5
333 3 6 5 0.30 15 1.5
334 3 6 5 0.40 15 1.5
335 3 6 5 0.50 15 1.5
336 3 6 5 0.60 15 1.5
337 3 6 5 0.70 15 1.5
338 3 6 5 0.80 15 1.5
339 3 6 5 0.90 15 1.5
340 3 6 5 1.00 15 1.5
341 3 6 5 0.10 15 1.4
342 3 6 5 0.20 15 1.4
343 3 6 5 0.30 15 1.4
344 3 6 5 0.40 15 1.4
345 3 6 5 0.50 15 1.4
346 3 6 5 0.60 15 1.4
347 3 6 5 0.70 15 1.4
348 3 6 5 0.80 15 1.4
349 3 6 5 0.90 15 1.4
350 3 6 5 1.00 15 1.4 
351 3 6 5 0.10 15 2.0
352 3 6 5 0.20 15 2.0
353 3 6 5 0.30 15 2.0
354 3 6 5 0.40 15 2.0
355 3 6 5 0.50 15 2.0
356 3 6 5 0.60 15 2.0
357 3 6 5 0.70 15 2.0
358 3 6 5 0.80 15 2.0
359 3 6 5 0.90 15 2.0
360 3 6 5 1.00 15 2.0
361 3 6 5 0.10 15 1.3
362 3 6 5 0.20 15 1.3
363 3 6 5 0.30 15 1.3
364 3 6 5 0.40 15 1.3
365 3 6 5 0.50 15 1.3
366 3 6 5 0.60 15 1.3
367 3 6 5 0.70 15 1.3
368 3 6 5 0.80 15 1.3
369 3 6 5 0.90 15 1.3
370 3 6 5 1.00 15 1.3
371 3 6 5 0.10 15 1.2
372 3 6 5 0.20 15 1.2
373 3 6 5 0.30 15 1.2
374 3 6 5 0.40 15 1.2
375 3 6 5 0.50 15 1.2
376 3 6 5 0.60 15 1.2
377 3 6 5 0.70 15 1.2
378 3 6 5 0.80 15 1.2
379 3 6 5 0.90 15 1.2
380 3 6 5 1.00 15 1.2
381 3 6 5 0.10 15 1.1
382 3 6 5 0.20 15 1.1
383 3 6 5 0.30 15 1.1
384 3 6 5 0.40 15 1.1
385 3 6 5 0.50 15 1.1
386 3 6 5 0.60 15 1.1
387 3 6 5 0.70 15 1.1
388 3 6 5 0.80 15 1.1
389 3 6 5 0.90 15 1.1
390 3 6 5 1.00 15 1.1
391 3 6 5 0.10 15 1.6
392 3 6 5 0.20 15 1.6
393 3 6 5 0.30 15 1.6
394 3 6 5 0.40 15 1.6
395 3 6 5 0.50 15 1.6
396 3 6 5 0.60 15 1.6
397 3 6 5 0.70 15 1.6
398 3 6 5 0.80 15 1.6
399 3 6 5 0.90 15 1.6
400 3 6 5 1.00 15 1.6 
401 3 6 5 0.10 15 1.7
402 3 6 5 0.20 15 1.7
403 3 6 5 0.30 15 1.7
404 3 6 5 0.40 15 1.7
405 3 6 5 0.50 15 1.7
406 3 6 5 0.60 15 1.7
407 3 6 5 0.70 15 1.7
408 3 6 5 0.80 15 1.7
409 3 6 5 0.90 15 1.7
410 3 6 5 1.00 15 1.7
411 3 6 5 0.10 15 1.8
412 3 6 5 0.20 15 1.8
413 3 6 5 0.30 15 1.8
414 3 6 5 0.40 15 1.8
415 3 6 5 0.50 15 1.8
416 3 6 5 0.60 15 1.8
417 3 6 5 0.70 15 1.8
418 3 6 5 0.80 15 1.8
419 3 6 5 0.90 15 1.8
420 3 6 5 1.00 15 1.8
421 1 1 1 0.10 15 1.0
422 1 1 1 0.20 15 1.0
423 1 1 1 0.30 15 1.0
424 1 1 1 0.40 15 1.0
425 1 1 1 0.50 15 1.0
426 1 1 1 0.60 15 1.0
427 1 1 1 0.70 15 1.0
428 1 1 1 0.80 15 1.0
429 1 1 1 0.90 15 1.0
430 1 1 1 1.00 15 1.0
431 1 1 1 1.10 15 1.0
432 1 1 1 1.20 15 1.0
433 1 1 1 1.30 15 1.0
434 1 1 1 1.40 15 1.0
435 1 1 1 1.50 15 1.0
436 1 1 1 1.60 15 1.0
437 1 1 1 1.70 15 1.0
438 1 1 1 1.80 15 1.0
439 1 1 1 1.90 15 1.0
440 1 1 1 2.00 15 1.0 
441 1 1 0 0.10 15 1.0
442 1 1 0 0.20 15 1.0
443 1 1 0 0.30 15 1.0
444 1 1 0 0.40 15 1.0
445 1 1 0 0.50 15 1.0
446 1 1 0 0.60 15 1.0
447 1 1 0 0.70 15 1.0
448 1 1 0 0.80 15 1.0
449 1 1 0 0.90 15 1.0
450 1 1 0 1.00 15 1.0
451 1 1 0 1.10 15 1.0
452 1 1 0 1.20 15 1.0
453 1 1 0 1.30 15 1.0
454 1 1 0 1.40 15 1.0
455 1 1 0 1.50 15 1.0
456 1 1 0 1.60 15 1.0
457 1 1 0 1.70 15 1.0
458 1 1 0 1.80 15 1.0
459 1 1 0 1.90 15 1.0
460 1 1 0 2.00 15 1.0
461 3 1 5 0.10 15 1.0
462 3 1 5 0.20 15 1.0
463 3 1 5 0.30 15 1.0
464 3 1 5 0.40 15 1.0
465 3 1 5 0.50 15 1.0
466 3 1 5 0.60 15 1.0
467 3 1 5 0.70 15 1.0
468 3 1 5 0.80 15 1.0
469 3 1 5 0.90 15 1.0
470 3 1 5 1.00 15 1.0
471 3 1 5 0.10 15 1.5
472 3 1 5 0.20 15 1.5
473 3 1 5 0.30 15 1.5
474 3 1 5 0.40 15 1.5
475 3 1 5 0.50 15 1.5
476 3 1 5 0.60 15 1.5
477 3 1 5 0.70 15 1.5
478 3 1 5 0.80 15 1.5
479 3 1 5 0.90 15 1.5
480 3 1 5 1.00 15 1.5
481 1 4 4 0.10 15 1.0
482 1 4 4 0.20 15 1.0
483 1 4 4 0.30 15 1.0
484 1 4 4 0.40 15 1.0
485 1 4 4 0.50 15 1.0
486 1 4 4 0.60 15 1.0
487 1 4 4 0.70 15 1.0
488 1 4 4 0.80 15 1.0
489 1 4 4 0.90 15 1.0
490 1 4 4 1.00 15 1.0
491 1 4 4 1.10 15 1.0
492 1 4 4 1.20 15 1.0
493 1 4 4 1.30 15 1.0
494 1 4 4 1.40 15 1.0
495 1 4 4 1.50 15 1.0
496 1 4 4 1.60 15 1.0
497 1 4 4 1.70 15 1.0
498 1 4 4 1.80 15 1.0
499 1 4 4 1.90 15 1.0
500 1 4 4 2.00 15 1.0
501 1 4 4 0.10 15 1.1
502 1 4 4 0.20 15 1.1
503 1 4 4 0.30 15 1.1
504 1 4 4 0.40 15 1.1
505 1 4 4 0.50 15 1.1
506 1 4 4 0.60 15 1.1
507 1 4 4 0.70 15 1.1
508 1 4 4 0.80 15 1.1
509 1 4 4 0.90 15 1.1
510 1 4 4 1.00 15 1.1
511 1 4 4 0.10 15 1.2
512 1 4 4 0.20 15 1.2
513 1 4 4 0.30 15 1.2
514 1 4 4 0.40 15 1.2
515 1 4 4 0.50 15 1.2
516 1 4 4 0.60 15 1.2
517 1 4 4 0.70 15 1.2
518 1 4 4 0.80 15 1.2
519 1 4 4 0.90 15 1.2
520 1 4 4 1.00 15 1.2
521 1 4 4 0.10 15 1.3
522 1 4 4 0.20 15 1.3
523 1 4 4 0.30 15 1.3
524 1 4 4 0.40 15 1.3
525 1 4 4 0.50 15 1.3
526 1 4 4 0.60 15 1.3
527 1 4 4 0.70 15 1.3
528 1 4 4 0.80 15 1.3
529 1 4 4 0.90 15 1.3
530 1 4 4 1.00 15 1.3
531 1 4 4 0.10 15 1.4
532 1 4 4 0.20 15 1.4
533 1 4 4 0.30 15 1.4
534 1 4 4 0.40 15 1.4
535 1 4 4 0.50 15 1.4
536 1 4 4 0.60 15 1.4
537 1 4 4 0.70 15 1.4
538 1 4 4 0.80 15 1.4
539 1 4 4 0.90 15 1.4
540 1 4 4 1.00 15 1.4
541 1 4 4 0.10 15 1.5
542 1 4 4 0.20 15 1.5
543 1 4 4 0.30 15 1.5
544 1 4 4 0.40 15 1.5
545 1 4 4 0.50 15 1.5
546 1 4 4 0.60 15 1.5
547 1 4 4 0.70 15 1.5
548 1 4 4 0.80 15 1.5
549 1 4 4 0.90 15 1.5
550 1 4 4 1.00 15 1.5
551 1 4 4 0.10 15 1.6
552 1 4 4 0.20 15 1.6
553 1 4 4 0.30 15 1.6
554 1 4 4 0.40 15 1.6
555 1 4 4 0.50 15 1.6
556 1 4 4 0.60 15 1.6
557 1 4 4 0.70 15 1.6
558 1 4 4 0.80 15 1.6
559 1 4 4 0.90 15 1.6
560 1 4 4 1.00 15 1.6
561 1 4 4 0.10 15 1.7
562 1 4 4 0.20 15 1.7
563 1 4 4 0.30 15 1.7
564 1 4 4 0.40 15 1.7
565 1 4 4 0.50 15 1.7
566 1 4 4 0.60 15 1.7
567 1 4 4 0.70 15 1.7
568 1 4 4 0.80 15 1.7
569 1 4 4 0.90 15 1.7
570 1 4 4 1.00 15 1.7
571 1 4 4 0.10 15 1.8
572 1 4 4 0.20 15 1.8
573 1 4 4 0.30 15 1.8
574 1 4 4 0.40 15 1.8
575 1 4 4 0.50 15 1.8
576 1 4 4 0.60 15 1.8
577 1 4 4 0.70 15 1.8
578 1 4 4 0.80 15 1.8
579 1 4 4 0.90 15 1.8
580 1 4 4 1.00 15 1.8
581 1 4 4 0.10 15 1.9
582 1 4 4 0.20 15 1.9
583 1 4 4 0.30 15 1.9
584 1 4 4 0.40 15 1.9
585 1 4 4 0.50 15 1.9
586 1 4 4 0.60 15 1.9
587 1 4 4 0.70 15 1.9
588 1 4 4 0.80 15 1.9
589 1 4 4 0.90 15 1.9
590 1 4 4 1.00 15 1.9 
591 1 4 4 0.10 15 2.0
592 1 4 4 0.20 15 2.0
593 1 4 4 0.30 15 2.0
594 1 4 4 0.40 15 2.0
595 1 4 4 0.50 15 2.0
596 1 4 4 0.60 15 2.0
597 1 4 4 0.70 15 2.0
598 1 4 4 0.80 15 2.0
599 1 4 4 0.90 15 2.0
600 1 4 4 1.00 15 2.0
601 1 2 2 0.10 15 1.0
602 1 2 2 0.15 15 1.0
603 1 2 2 0.20 15 1.0
604 1 2 2 0.25 15 1.0
605 1 2 2 0.30 15 1.0
606 1 2 2 0.35 15 1.0
607 1 2 2 0.40 15 1.0
608 1 2 2 0.45 15 1.0
609 1 2 2 0.50 15 1.0
610 1 2 2 0.55 15 1.0
611 1 2 1 0.10 15 1.0
612 1 2 1 0.15 15 1.0
613 1 2 1 0.20 15 1.0
614 1 2 1 0.25 15 1.0
615 1 2 1 0.30 15 1.0
616 1 2 1 0.35 15 1.0
617 1 2 1 0.40 15 1.0
618 1 2 1 0.45 15 1.0
619 1 2 1 0.50 15 1.0
620 1 2 1 0.55 15 1.0
621 1 1 4 0.50 15 1.0 #startint7
622 1 1 4 0.60 15 1.0
623 1 1 4 0.70 15 1.0
624 1 1 4 0.80 15 1.0
625 1 1 4 0.90 15 1.0
626 1 1 4 1.00 15 1.0
627 1 1 4 0.50 15 1.1
628 1 1 4 0.60 15 1.1
629 1 1 4 0.70 15 1.1
630 1 1 4 0.80 15 1.1
631 1 1 4 0.90 15 1.1
632 1 1 4 1.00 15 1.1
633 1 1 4 0.50 15 1.2
634 1 1 4 0.60 15 1.2
635 1 1 4 0.70 15 1.2
636 1 1 4 0.80 15 1.2
637 1 1 4 0.90 15 1.2
638 1 1 4 1.00 15 1.2
639 1 1 4 0.50 15 1.3
640 1 1 4 0.60 15 1.3
641 1 1 4 0.70 15 1.3
642 1 1 4 0.80 15 1.3
643 1 1 4 0.90 15 1.3
644 1 1 4 1.00 15 1.3
645 1 1 4 0.50 15 1.4
646 1 1 4 0.60 15 1.4
647 1 1 4 0.70 15 1.4
648 1 1 4 0.80 15 1.4
649 1 1 4 0.90 15 1.4
650 1 1 4 1.00 15 1.4 
651 1 1 4 0.50 15 1.5
652 1 1 4 0.60 15 1.5
653 1 1 4 0.70 15 1.5
654 1 1 4 0.80 15 1.5
655 1 1 4 0.90 15 1.5
656 1 1 4 1.00 15 1.5
657 1 1 4 0.50 15 1.6
658 1 1 4 0.60 15 1.6
659 1 1 4 0.70 15 1.6
660 1 1 4 0.80 15 1.6
661 1 1 4 0.90 15 1.6
662 1 1 4 1.00 15 1.6
663 1 1 4 0.50 15 1.7
664 1 1 4 0.60 15 1.7
665 1 1 4 0.70 15 1.7
666 1 1 4 0.80 15 1.7
667 1 1 4 0.90 15 1.7
668 1 1 4 1.00 15 1.7
669 1 1 4 0.50 15 1.8
670 1 1 4 0.60 15 1.8
671 1 1 4 0.70 15 1.8
672 1 1 4 0.80 15 1.8
673 1 1 4 0.90 15 1.8
674 1 1 4 1.00 15 1.8 
675 1 1 4 0.50 15 1.9 
676 1 1 4 0.60 15 1.9
677 1 1 4 0.70 15 1.9
678 1 1 4 0.80 15 1.9
679 1 1 4 0.90 15 1.9
680 1 1 4 1.00 15 1.9
681 1 1 4 0.50 15 2.0
682 1 1 4 0.60 15 2.0
683 1 1 4 0.70 15 2.0
684 1 1 4 0.80 15 2.0
685 1 1 4 0.90 15 2.0
686 1 1 4 1.00 15 2.0  
687 1 4 4 0.50 15 1.0
688 1 4 4 0.50 15 1.1
689 1 4 4 0.50 15 1.2
690 1 4 4 0.50 15 1.3
691 1 4 4 0.50 15 1.4
692 1 4 4 0.50 15 1.5
693 1 4 4 0.50 15 1.6
694 1 4 4 0.50 15 1.7
695 1 4 4 0.50 15 1.8
696 1 4 4 0.50 15 1.9
697 1 4 4 0.50 15 2.0
698 1 4 4 1.10 15 1.0
699 1 4 4 1.10 15 1.1
700 1 4 4 1.10 15 1.2
701 1 4 4 1.10 15 1.3
702 1 4 4 1.10 15 1.4
703 1 4 4 1.10 15 1.5
704 1 4 4 1.10 15 1.6
705 1 4 4 1.10 15 1.7
706 1 4 4 1.10 15 1.8
707 1 4 4 1.10 15 1.9
708 1 4 4 1.10 15 2.0 #redo for PE pltos
